Error,Npoint,Pi,Nlance,tempsMilis,Nproc
9.5624452308e-05,15000000,3.1418930666666665,0,545,1
2.3805416988e-05,15000000,3.1415178666666668,1,538,1
2.3864336950e-04,15000000,3.1408429333333334,2,571,1
4.3922601795e-05,15000000,3.1414546666666667,3,619,1
1.9484727533e-05,15000000,3.1416538666666667,4,563,1
2.8669526665e-04,15000000,3.1424933333333334,5,559,1
8.6202479677e-05,15000000,3.1418634666666665,6,557,1
1.6989675908e-04,15000000,3.1421264,7,555,1
1.5843760318e-04,15000000,3.1420904,8,551,1
4.4347014977e-05,15000000,3.141453333333333,9,552,1
2.3643976712e-05,15000000,3.141666933333333,10,550,1
1.8237450662e-04,15000000,3.1421656,11,550,1
5.2920161245e-05,15000000,3.1414264,12,551,1
3.7731148180e-06,15000000,3.1415808,13,549,1
6.7519974691e-05,15000000,3.1413805333333333,14,553,1
1.5173187491e-04,15000000,3.142069333333333,15,553,1
1.7099688719e-05,15000000,3.1415389333333334,16,549,1
3.3235714616e-05,15000000,3.1416970666666666,17,548,1
2.2473094214e-04,15000000,3.1422986666666666,18,549,1
5.7334058333e-05,15000000,3.1414125333333334,19,548,1
7.6347768868e-05,15000000,3.1413528,20,553,1
6.2596781785e-05,15000000,3.141396,21,553,1
1.7269453992e-05,15000000,3.1415384,22,548,1
1.2082627030e-04,15000000,3.141213066666667,23,550,1
6.1077219327e-05,15000000,3.1417845333333334,24,550,1
1.6734195500e-04,15000000,3.141066933333333,25,551,1
1.5155378464e-04,15000000,3.1411165333333333,26,551,1
1.5173187491e-04,15000000,3.142069333333333,27,551,1
2.8389079349e-05,15000000,3.141503466666667,28,548,1
4.3591396246e-05,15000000,3.1417296,29,554,1
3.8659878344e-05,15000000,3.1414712,30,551,1
3.3487016363e-06,15000000,3.1415821333333334,31,550,1
1.4290408074e-04,15000000,3.1420416,32,551,1
8.6618567862e-05,15000000,3.1413205333333334,33,550,1
2.4535742277e-04,15000000,3.1423634666666667,34,549,1
2.4840487268e-04,15000000,3.1408122666666665,35,551,1
1.5809807264e-04,15000000,3.1420893333333333,36,550,1
3.3651802801e-05,15000000,3.1414869333333333,37,549,1
3.1444854257e-05,15000000,3.1414938666666665,38,549,1
1.0453712912e-04,15000000,3.141921066666667,39,552,1
6.0822571418e-05,15000000,3.1417837333333334,40,548,1
1.0351853749e-04,15000000,3.1419178666666667,41,549,1
8.5778066495e-05,15000000,3.1418621333333334,42,550,1
1.9926615125e-04,15000000,3.1422186666666665,43,549,1
5.3183134150e-05,15000000,3.141759733333333,44,551,1
2.8218816193e-04,15000000,3.1407061333333335,45,548,1
2.0206727825e-04,15000000,3.1422274666666667,46,547,1
4.6129550339e-05,15000000,3.1414477333333335,47,555,1
1.4273431546e-04,15000000,3.1420410666666667,48,549,1
5.8615622874e-05,15000000,3.1417768,49,551,1
1.2664905588e-04,15000000,3.1419905333333333,0,552,2
3.1962475071e-05,15000000,3.1416930666666665,1,551,2
6.9047862145e-05,15000000,3.141375733333333,2,550,2
1.1845290264e-05,15000000,3.141629866666667,3,551,2
5.5432524012e-05,15000000,3.1417668,4,556,2
9.1719851037e-05,15000000,3.1418808,5,551,2
3.3736685437e-05,15000000,3.1414866666666668,6,555,2
1.2108924320e-04,15000000,3.1419730666666665,7,555,2
8.6584451540e-05,15000000,3.1418646666666667,8,551,2
1.9731050445e-05,15000000,3.1415306666666667,9,552,2
1.4158839987e-04,15000000,3.142037466666667,10,551,2
3.2217122980e-05,15000000,3.1416938666666665,11,552,2
8.6621914024e-06,15000000,3.141619866666667,12,552,2
3.7819376977e-05,15000000,3.1417114666666666,13,550,2
6.4260318189e-05,15000000,3.1417945333333335,14,551,2
7.7289802864e-05,15000000,3.1418354666666666,15,555,2
1.1875497070e-04,15000000,3.1419657333333335,16,553,2
3.3235714616e-05,15000000,3.1416970666666666,17,555,2
4.2233274065e-05,15000000,3.1417253333333335,18,551,2
2.0961848672e-05,15000000,3.1415268,19,550,2
9.4223888808e-05,15000000,3.1418886666666666,20,550,2
2.4624869045e-04,15000000,3.1423662666666665,21,552,2
9.9354309470e-06,15000000,3.1416238666666665,22,555,2
2.4739125988e-05,15000000,3.141514933333333,23,551,2
2.6776309259e-05,15000000,3.1415085333333335,24,555,2
8.9979756993e-05,15000000,3.141875333333333,25,551,2
1.3874148539e-05,15000000,3.141549066666667,26,554,2
6.2435341508e-05,15000000,3.1417888,27,554,2
4.4652429200e-05,15000000,3.1417329333333335,28,553,2
2.3083914580e-05,15000000,3.141520133333333,29,553,2
1.4086355130e-05,15000000,3.1415484,30,552,2
4.2012742478e-05,15000000,3.1414606666666667,31,554,2
1.1960379707e-04,15000000,3.1419684,32,553,2
1.0699872557e-04,15000000,3.1419288,33,557,2
2.4739125988e-05,15000000,3.141514933333333,34,554,2
6.8750772918e-05,15000000,3.1413766666666665,35,550,2
6.9599599281e-05,15000000,3.141374,36,552,2
4.0068766839e-05,15000000,3.1417185333333335,37,553,2
7.9064013230e-05,15000000,3.1413442666666667,38,550,2
5.0971206770e-06,15000000,3.1416086666666665,39,550,2
8.3656000587e-05,15000000,3.1418554666666667,40,555,2
7.1093370412e-05,15000000,3.141816,41,553,2
1.3109706929e-04,15000000,3.1411808,42,554,2
2.2667826394e-05,15000000,3.1416638666666667,43,551,2
1.1047058867e-04,15000000,3.1412456,44,553,2
1.7787074806e-05,15000000,3.1416485333333335,45,555,2
1.0368830276e-04,15000000,3.1419184,46,554,2
2.2285854531e-05,15000000,3.1416626666666665,47,551,2
1.4464417478e-04,15000000,3.1420470666666667,48,551,2
1.2758276488e-04,15000000,3.1419934666666665,49,555,2
8.4250179041e-05,15000000,3.1418573333333333,0,557,4
5.5517406649e-05,15000000,3.1417670666666666,1,561,4
1.6314524334e-05,15000000,3.1415414,2,559,4
9.5093935831e-05,15000000,3.1418914,3,559,4
3.5272897887e-05,15000000,3.1417034666666668,4,562,4
3.8795527294e-05,15000000,3.1417145333333334,5,559,4
3.9262381794e-05,15000000,3.141716,6,562,4
2.9161348073e-05,15000000,3.1416842666666667,7,564,4
8.0061384207e-05,15000000,3.1413411333333334,8,564,4
6.3687360394e-05,15000000,3.1417927333333333,9,566,4
4.4097345903e-06,15000000,3.1415788,10,563,4
3.2357342597e-05,15000000,3.141491,11,560,4
2.9725980871e-05,15000000,3.1414992666666666,12,561,4
6.1090114990e-05,15000000,3.141400733333333,13,562,4
1.0453712912e-04,15000000,3.141921066666667,14,559,4
1.2698858643e-04,15000000,3.1419916,15,560,4
2.0542414326e-06,15000000,3.1415862,16,558,4
7.9857502612e-05,15000000,3.141843533333333,17,562,4
8.0154591839e-05,15000000,3.1418444666666665,18,562,4
6.9493495985e-05,15000000,3.1413743333333333,19,558,4
6.6297501461e-05,15000000,3.141800933333333,20,560,4
8.6915657089e-05,15000000,3.1413196,21,559,4
5.6811866852e-05,15000000,3.141771133333333,22,559,4
1.2072016700e-04,15000000,3.1412134,23,561,4
3.6015620955e-05,15000000,3.1417058,24,560,4
8.5302886999e-05,15000000,3.1413246666666668,25,561,4
1.6450173284e-05,15000000,3.1416443333333333,26,558,4
5.5199096762e-05,15000000,3.1417660666666665,27,561,4
6.0580819172e-05,15000000,3.141402333333333,28,563,4
3.1466074916e-05,15000000,3.1414938,29,562,4
8.7815249767e-05,15000000,3.141868533333333,30,559,4
3.5267919053e-06,15000000,3.1416037333333335,31,562,4
2.1322599876e-05,15000000,3.141525666666667,32,560,4
5.9379566601e-05,15000000,3.1417792,33,556,4
7.0881163822e-05,15000000,3.141815333333333,34,560,4
3.3490362525e-05,15000000,3.1416978666666666,35,559,4
3.2297026781e-06,15000000,3.1416028,36,561,4
8.7955469384e-05,15000000,3.141316333333333,37,563,4
4.2891114497e-05,15000000,3.1417274,38,562,4
6.7973933528e-05,15000000,3.1418062,39,557,4
6.4358096488e-05,15000000,3.1413904666666665,40,558,4
2.9925291799e-05,15000000,3.1416866666666667,41,559,4
6.2347112711e-06,15000000,3.1415730666666666,42,561,4
3.7259314844e-05,15000000,3.1414756,43,560,4
3.7577624731e-05,15000000,3.1414746,44,559,4
7.4212807297e-05,15000000,3.1418258,45,558,4
9.1860070654e-05,15000000,3.1413040666666667,46,559,4
2.4526919397e-05,15000000,3.1415156,47,560,4
4.9906827655e-05,15000000,3.141435866666667,48,560,4
2.1421839090e-04,15000000,3.1409196666666666,49,558,4
3.8026604732e-06,15000000,3.1416046,0,807,8
2.0643538786e-05,15000000,3.1415278,1,804,8
2.0330207734e-06,15000000,3.1415862666666667,2,852,8
5.8339754306e-05,15000000,3.1417759333333333,3,878,8
1.1115462859e-05,15000000,3.1415577333333333,4,822,8
6.8154309130e-05,15000000,3.1418067666666665,5,838,8
2.1534806467e-05,15000000,3.141525,6,877,8
6.6236124817e-05,15000000,3.141384566666667,7,809,8
4.7045384841e-06,15000000,3.1416074333333333,8,851,8
2.3071018917e-05,15000000,3.1416651333333334,9,826,8
5.0021255947e-05,15000000,3.1417498,10,819,8
1.0964632912e-05,15000000,3.1416271,11,854,8
7.1859599473e-05,15000000,3.1413669,12,880,8
6.1448580861e-05,15000000,3.1417857,13,850,8
1.1826354938e-05,15000000,3.1415555,14,855,8
2.2468515466e-05,15000000,3.1415220666666666,15,789,8
3.3853399062e-05,15000000,3.1414863,16,851,8
4.5352710950e-05,15000000,3.1417351333333334,17,870,8
1.6898092458e-05,15000000,3.141539566666667,18,816,8
4.9036780633e-05,15000000,3.1414386,19,819,8
1.5951487796e-05,15000000,3.1416427666666666,20,816,8
5.5220317421e-05,15000000,3.1417661333333333,21,823,8
2.3317341830e-05,15000000,3.1415194,22,808,8
9.1191619893e-05,15000000,3.141306166666667,23,885,8
1.4232614411e-05,15000000,3.1416373666666666,24,848,8
6.0062628568e-07,15000000,3.1415907666666665,25,881,8
5.9270117144e-06,15000000,3.1415740333333333,26,868,8
1.8553303866e-05,15000000,3.141534366666667,27,848,8
2.9140127413e-05,15000000,3.1416842,28,851,8
1.2832050911e-05,15000000,3.1416329666666667,29,842,8
7.6982103307e-05,15000000,3.1418345,30,880,8
3.4214150267e-05,15000000,3.1414851666666666,31,821,8
5.0617719735e-05,15000000,3.1414336333333335,32,792,8
1.9718154782e-05,15000000,3.1416546,33,808,8
3.8132708028e-06,15000000,3.1416046333333334,34,790,8
1.2478563876e-06,15000000,3.141588733333333,35,858,8
3.9975559206e-05,15000000,3.141467066666667,36,853,8
9.9308521991e-05,15000000,3.141280666666667,37,868,8
9.1085516598e-05,15000000,3.1413065,38,857,8
9.3971526233e-05,15000000,3.1412974333333334,39,874,8
1.4137121445e-05,15000000,3.1416370666666666,40,813,8
5.4684822110e-06,15000000,3.1416098333333333,41,851,8
5.9499479061e-08,15000000,3.141592466666667,42,846,8
5.6018377470e-05,15000000,3.1414166666666667,43,825,8
5.4819410232e-05,15000000,3.1414204333333333,44,824,8
2.1121003615e-05,15000000,3.1415263,45,909,8
1.2992993304e-04,15000000,3.1411844666666666,46,820,8
3.1580503208e-05,15000000,3.1416918666666667,47,823,8
6.3793463689e-05,15000000,3.1417930666666667,48,851,8
2.3389328803e-05,15000000,3.1416661333333336,49,814,8
4.1529972484e-05,15000000,3.141462183333333,0,1578,16
3.1577483376e-05,15000000,3.14149345,1,1579,16
2.3808763149e-06,15000000,3.141600133333333,2,1599,16
5.0071287763e-05,15000000,3.14143535,3,1564,16
4.0689471117e-05,15000000,3.141720483333333,4,1566,16
5.3835995747e-06,15000000,3.141609566666667,5,1604,16
1.4885149677e-05,15000000,3.1416394166666666,6,1559,16
1.8532083207e-05,15000000,3.1415344333333333,7,1614,16
2.4946027414e-05,15000000,3.141514283333333,8,1648,16
1.0068060066e-05,15000000,3.1416242833333334,9,1553,16
2.1083867462e-05,15000000,3.1415264166666668,10,1623,16
3.1034071236e-05,15000000,3.14169015,11,1602,16
1.5900721482e-05,15000000,3.1415427,12,1554,16
2.6965009858e-05,15000000,3.141677366666667,13,1597,16
6.9435139173e-05,15000000,3.1413745166666667,14,1634,16
2.3205933369e-05,15000000,3.14151975,15,1580,16
5.8292334153e-06,15000000,3.1416109666666667,16,1581,16
2.2482145627e-05,15000000,3.141663283333333,17,1680,16
5.4838345558e-05,15000000,3.1417649333333335,18,1568,16
6.7355514583e-05,15000000,3.14138105,19,1582,16
4.8023167832e-06,15000000,3.1415775666666668,20,1615,16
2.2107764262e-05,15000000,3.1415232,21,1609,16
8.4234589876e-06,15000000,3.1416191166666665,22,1552,16
6.1923025859e-05,15000000,3.1413981166666667,23,1701,16
6.4246688028e-05,15000000,3.1413908166666666,24,1563,16
1.2959374866e-05,15000000,3.1416333666666665,25,1543,16
5.4175199962e-05,15000000,3.14176285,26,1603,16
4.1962710662e-05,15000000,3.1417244833333333,27,1590,16
7.4586454164e-05,15000000,3.1413583333333333,28,1621,16
2.9453132135e-05,15000000,3.1416851833333332,29,1553,16
2.8805902033e-05,15000000,3.14168315,30,1611,16
1.3030627341e-05,15000000,3.1415517166666667,31,1610,16
7.8982476755e-06,15000000,3.1416174666666667,32,1551,16
4.6802979936e-06,15000000,3.14157795,33,1570,16
2.4744431153e-05,15000000,3.1415149166666665,34,1625,16
5.9493260394e-05,15000000,3.14140575,35,1560,16
1.5317153357e-05,15000000,3.141544533333333,36,1641,16
3.6912520131e-06,15000000,3.14160425,37,1544,16
1.2428858389e-05,15000000,3.1416317,38,1665,16
6.5867783114e-05,15000000,3.1417995833333334,39,1615,16
1.1412552086e-05,15000000,3.1415568,40,1619,16
5.0997406265e-05,15000000,3.1417528666666668,41,1613,16
3.7429080117e-05,15000000,3.1414750666666666,42,1545,16
5.2140302024e-05,15000000,3.14142885,43,1591,16
2.9744916197e-05,15000000,3.1416861,44,1546,16
3.0787013825e-05,15000000,3.141495933333333,45,1551,16
3.9341959266e-05,15000000,3.14171625,46,1553,16
1.5858280163e-05,15000000,3.1415428333333333,47,1549,16
2.8015432482e-05,15000000,3.141680666666667,48,1596,16
2.1707591571e-05,15000000,3.14166085,49,1561,16
3.1315571299e-06,15000000,3.1416024916666667,0,3076,32
1.7179266191e-05,15000000,3.141538683333333,1,3071,32
4.7098436489e-06,15000000,3.14160745,2,3068,32
1.9762881434e-05,15000000,3.141530566666667,3,3021,32
4.3411020644e-05,15000000,3.141729033333333,4,3072,32
2.8951794064e-05,15000000,3.1416836083333335,5,3072,32
2.1922450744e-05,15000000,3.141661525,6,3123,32
1.6324808334e-06,15000000,3.141587525,7,3019,32
1.6924985531e-05,15000000,3.141645825,8,3024,32
1.2717989869e-05,15000000,3.1416326083333335,9,3071,32
2.9620244825e-05,15000000,3.141685708333333,10,3030,32
2.0075886155e-05,15000000,3.1415295833333334,11,3288,32
1.4548271714e-05,15000000,3.141638358333333,12,3209,32
6.2138578611e-06,15000000,3.141612175,13,3173,32
3.6336583424e-05,15000000,3.1417068083333333,14,3140,32
2.1447964827e-06,15000000,3.1415993916666665,15,3136,32
4.8753321567e-05,15000000,3.1417458166666665,16,3038,32
4.8394529366e-06,15000000,3.14157745,17,3139,32
2.5171864166e-05,15000000,3.1416717333333333,18,3101,32
4.9479761891e-05,15000000,3.1414372083333335,19,3118,32
2.0609055215e-05,15000000,3.1415279083333334,20,3107,32
6.4230446205e-06,15000000,3.141572475,21,3037,32
1.4272403146e-05,15000000,3.1416374916666667,22,3051,32
1.4486895070e-05,15000000,3.1415471416666665,23,3045,32
9.5481539189e-06,15000000,3.14162265,24,3016,32
1.5020064130e-05,15000000,3.1415454666666665,25,3239,32
5.2273298392e-05,15000000,3.141756875,26,3161,32
3.1060229811e-05,15000000,3.141495075,27,3029,32
1.1982857299e-05,15000000,3.1415550083333335,28,3065,32
1.3619174301e-06,15000000,3.141588375,29,3089,32
4.6509236870e-05,15000000,3.1417387666666667,30,3137,32
5.0028846445e-05,15000000,3.1414354833333333,31,3047,32
4.6829505759e-06,15000000,3.1415779416666667,32,3082,32
6.7231536790e-06,15000000,3.141613775,33,3087,32
1.0913540268e-06,15000000,3.141589225,34,3139,32
4.5432288421e-05,15000000,3.1417353833333332,35,3076,32
4.9826923855e-06,15000000,3.141577,36,3036,32
2.0648843950e-05,15000000,3.1415277833333333,37,3084,32
6.2612370949e-06,15000000,3.1415729833333335,38,3057,32
1.1046495717e-05,15000000,3.14155795,39,3069,32
1.4555862212e-05,15000000,3.141546925,40,3097,32
6.0308296766e-06,15000000,3.1416116,41,3063,32
3.3643845054e-05,15000000,3.141486958333333,42,3076,32
5.8080127562e-06,15000000,3.1416109,43,3018,32
2.2243413213e-05,15000000,3.1416625333333332,44,3056,32
2.5118812518e-05,15000000,3.1416715666666666,45,3229,32
2.7644070948e-05,15000000,3.1416795,46,3041,32
2.1072930803e-06,15000000,3.141586033333333,47,3043,32
3.6206239638e-05,15000000,3.141478908333333,48,3083,32
2.8328069955e-05,15000000,3.1415036583333333,49,3108,32
8.2360846804e-06,15000000,3.141566779166667,0,6176,64
2.3840267809e-05,15000000,3.14166755,1,6047,64
3.4350758259e-05,15000000,3.1414847375,2,6117,64
1.0719269042e-05,15000000,3.141626329166667,3,6109,64
2.9559235430e-05,15000000,3.1416855166666666,4,6104,64
5.6272699049e-06,15000000,3.141574975,5,6020,64
2.5229853729e-05,15000000,3.141513391666667,6,6128,64
1.4895760007e-05,15000000,3.14163945,7,6087,64
2.2432705604e-05,15000000,3.1415221791666665,8,6072,64
1.5696839887e-05,15000000,3.1416419666666666,9,6077,64
4.0330678916e-06,15000000,3.1415799833333335,10,6012,64
1.1967309054e-05,15000000,3.14163025,11,6036,64
2.9483269583e-05,15000000,3.1415000291666666,12,6076,64
4.0957708269e-06,15000000,3.1416055208333336,13,6046,64
7.2297969145e-06,15000000,3.1416153666666666,14,6025,64
1.1529632960e-05,15000000,3.141628875,15,6039,64
2.7810490059e-06,15000000,3.141583916666667,16,6025,64
7.4243944706e-06,15000000,3.141569329166667,17,6070,64
3.6465233669e-05,15000000,3.1417072125,18,6061,64
3.0052248505e-05,15000000,3.1414982416666666,19,6067,64
1.1355888814e-05,15000000,3.1416283291666667,20,6269,64
2.9576477216e-05,15000000,3.1416855708333333,21,6171,64
1.4202109713e-05,15000000,3.1416372708333333,22,6040,64
3.6970550614e-05,15000000,3.1417088,23,6030,64
1.5019105088e-05,15000000,3.1416398375,24,6025,64
1.1905932410e-05,15000000,3.14155525,25,6025,64
2.6979231812e-05,15000000,3.141507895833333,26,6030,64
3.6554421509e-06,15000000,3.1416041375,27,6162,64
9.8302866937e-06,15000000,3.1415617708333334,28,6028,64
8.5507829422e-06,15000000,3.1416195166666667,29,6030,64
2.9158695490e-05,15000000,3.1416842583333335,30,6051,64
1.5736628623e-05,15000000,3.1416420916666667,31,6019,64
2.0162462332e-05,15000000,3.141655995833333,32,6044,64
1.4909349248e-06,15000000,3.1415973375,33,6015,64
1.9074536305e-05,15000000,3.141532729166667,34,6055,64
1.8073553704e-05,15000000,3.1416494333333334,35,6010,64
1.8272130134e-05,15000000,3.14153525,36,6066,64
1.5821511259e-05,15000000,3.1416423583333333,37,6022,64
2.7952729547e-05,15000000,3.1415048375,38,6074,64
2.5993797456e-05,15000000,3.141510991666667,39,6180,64
1.4763457218e-06,15000000,3.141597291666667,40,6122,64
1.3977966502e-05,15000000,3.1416365666666666,41,6238,64
3.3659434218e-06,15000000,3.1415820791666667,42,6020,64
1.4773047638e-06,15000000,3.1415880125,43,6138,64
2.5840314927e-05,15000000,3.1416738333333334,44,5994,64
1.2441754052e-05,15000000,3.1415535666666665,45,6020,64
8.5030364593e-06,15000000,3.1416193666666667,46,6002,64
1.7677951679e-05,15000000,3.1415371166666666,47,6123,64
2.6522987642e-05,15000000,3.1415093291666665,48,6016,64
1.0493799539e-05,15000000,3.1416256208333335,49,6020,64
1.3771791492e-04,1000000,3.14116,0,38,1
7.4313931757e-06,1000000,3.141616,1,37,1
9.5854133309e-04,1000000,3.144604,2,37,1
4.1401089613e-04,1000000,3.140292,3,37,1
1.8482777808e-04,1000000,3.141012,4,37,1
1.4213679085e-05,1000000,3.141548,5,37,1
6.8903063779e-04,1000000,3.139428,6,38,1
6.1323542240e-05,1000000,3.1414,7,37,1
2.4467003668e-04,1000000,3.140824,8,37,1
4.8658555018e-04,1000000,3.140064,9,37,1
1.0884117667e-03,1000000,3.145012,10,37,1
3.5416863753e-04,1000000,3.14048,11,37,1
7.6118920366e-04,1000000,3.143984,12,37,1
7.8792723410e-04,1000000,3.144068,13,37,1
4.7216382700e-04,1000000,3.143076,14,37,1
1.1565675448e-04,1000000,3.141956,15,36,1
1.1015602503e-03,1000000,3.138132,16,37,1
9.4749826538e-04,1000000,3.138616,17,37,1
7.9174695273e-04,1000000,3.14408,18,38,1
5.8930186512e-04,1000000,3.143444,19,38,1
2.8754409302e-04,1000000,3.142496,20,37,1
1.3167377333e-03,1000000,3.137456,21,37,1
5.7274975104e-04,1000000,3.143392,22,37,1
1.4194540483e-03,1000000,3.146052,23,37,1
1.5767365945e-04,1000000,3.142088,24,37,1
5.4642780878e-04,1000000,3.139876,25,37,1
9.0191963584e-05,1000000,3.141876,26,37,1
1.0073405240e-03,1000000,3.138428,27,37,1
1.9714408534e-04,1000000,3.142212,28,37,1
1.0334044722e-04,1000000,3.141268,29,37,1
6.5742418163e-06,1000000,3.141572,30,36,1
3.6521170525e-04,1000000,3.14274,31,36,1
4.7725678518e-04,1000000,3.143092,32,37,1
4.2378072430e-04,1000000,3.142924,33,37,1
1.3135171720e-04,1000000,3.14118,34,38,1
8.0006047226e-05,1000000,3.141844,35,37,1
1.7336862218e-04,1000000,3.141048,36,38,1
5.3327932515e-04,1000000,3.143268,37,36,1
3.0069257665e-04,1000000,3.140648,38,37,1
6.5678356099e-04,1000000,3.143656,39,37,1
3.2446803981e-04,1000000,3.142612,40,37,1
1.5385394082e-04,1000000,3.142076,41,37,1
5.7656946967e-04,1000000,3.143404,42,37,1
7.5329177232e-05,1000000,3.141356,43,37,1
3.2319480027e-04,1000000,3.142608,44,37,1
3.0282296755e-04,1000000,3.142544,45,37,1
3.2064832118e-04,1000000,3.1426,46,38,1
8.3503709725e-04,1000000,3.144216,47,37,1
1.0833188085e-03,1000000,3.144996,48,38,1
5.5619763696e-04,1000000,3.14334,49,37,1
5.2414611675e-04,2000000,3.139946,0,75,2
1.7995935236e-06,2000000,3.141587,1,75,2
1.2021087118e-04,2000000,3.141215,2,73,2
1.8291791876e-04,2000000,3.141018,3,74,2
1.2998069936e-04,2000000,3.142001,4,74,2
5.4696665026e-04,2000000,3.143311,5,74,2
1.1024548641e-04,2000000,3.141939,6,74,2
5.4002414858e-05,2000000,3.141423,7,74,2
8.2552526315e-05,2000000,3.141852,8,74,2
3.3948892028e-05,2000000,3.141486,9,74,2
2.6685395042e-04,2000000,3.142431,10,74,2
6.4436947543e-04,2000000,3.143617,11,74,2
2.9782778767e-04,2000000,3.140657,12,74,2
1.4949538071e-04,2000000,3.141123,13,73,2
2.6631510894e-04,2000000,3.140756,14,74,2
1.1692999402e-04,2000000,3.14196,15,74,2
1.8196298910e-04,2000000,3.141021,16,76,2
4.7853002473e-04,2000000,3.143096,17,74,2
2.6526240098e-04,2000000,3.142426,18,75,2
6.2180693599e-05,2000000,3.141788,19,75,2
3.4169423615e-05,2000000,3.1417,20,73,2
9.4427770403e-05,2000000,3.141296,21,74,2
2.3543904998e-04,2000000,3.140853,22,73,2
9.0828583356e-05,2000000,3.141878,23,74,2
1.7931873171e-04,2000000,3.142156,24,74,2
8.9653122110e-05,2000000,3.141311,25,74,2
2.4976299486e-04,2000000,3.140808,26,73,2
4.2445480656e-05,2000000,3.141726,27,74,2
4.2482943139e-06,2000000,3.141606,28,74,2
3.1746522232e-04,2000000,3.14259,29,74,2
6.6000412234e-05,2000000,3.1418,30,74,2
3.0728330684e-06,2000000,3.141583,31,75,2
4.6175737906e-04,2000000,3.140142,32,74,2
3.3125032572e-04,2000000,3.140552,33,73,2
9.3791150631e-05,2000000,3.141298,34,73,2
9.8884108810e-05,2000000,3.141282,35,75,2
7.8732807681e-05,2000000,3.14184,36,74,2
2.0297144159e-04,2000000,3.140955,37,74,2
1.9141450739e-04,2000000,3.142194,38,76,2
8.0324357112e-05,2000000,3.141845,39,75,2
1.6662379875e-05,2000000,3.141645,40,74,2
1.4716943321e-04,2000000,3.142055,41,74,2
3.9745878205e-04,2000000,3.140344,42,73,2
2.8855933849e-05,2000000,3.141502,43,75,2
2.7803225892e-05,2000000,3.14168,44,74,2
4.0159681057e-04,2000000,3.140331,45,78,2
1.9342214501e-04,2000000,3.140985,46,75,2
1.7018552331e-04,2000000,3.141058,47,86,2
1.0047565824e-04,2000000,3.141277,48,102,2
1.3189055867e-04,2000000,3.142007,49,76,2
2.4236229001e-04,4000000,3.14083125,0,149,4
1.4183774262e-04,4000000,3.14203825,1,150,4
2.5336324274e-05,4000000,3.14167225,2,151,4
2.5157907675e-06,4000000,3.14158475,3,150,4
5.1278579998e-05,4000000,3.14175375,4,150,4
6.5461570760e-05,4000000,3.141387,5,149,4
3.6079282932e-05,4000000,3.141706,6,150,4
2.2046028450e-04,4000000,3.14228525,7,150,4
4.0694776282e-05,4000000,3.1417205,8,150,4
1.2383397239e-05,4000000,3.14155375,9,149,4
6.9520021809e-05,4000000,3.14137425,10,149,4
1.8984115879e-04,4000000,3.14099625,11,150,4
2.2316591854e-04,4000000,3.14229375,12,149,4
4.1092663640e-05,4000000,3.14172175,13,151,4
1.1201439161e-04,4000000,3.14124075,14,151,4
1.4631228185e-04,4000000,3.141133,15,150,4
1.5212143727e-04,4000000,3.14111475,16,150,4
1.6276661763e-04,4000000,3.142104,17,150,4
1.8670017491e-05,4000000,3.141534,18,150,4
1.6358059318e-04,4000000,3.14107875,19,150,4
1.1615242014e-04,4000000,3.14122775,20,151,4
9.5064390175e-05,4000000,3.141294,21,149,4
1.8180383416e-04,4000000,3.1410215,22,150,4
8.2552526315e-05,4000000,3.141852,23,151,4
7.3700165318e-06,4000000,3.1415695,24,151,4
1.3093562902e-04,4000000,3.142004,25,150,4
1.6931017113e-04,4000000,3.14106075,26,149,4
9.1642558899e-05,4000000,3.14130475,27,150,4
1.5019337713e-04,4000000,3.1420645,28,150,4
1.8266098552e-04,4000000,3.1421665,29,150,4
3.8484807906e-05,4000000,3.14147175,30,150,4
5.4143368973e-05,4000000,3.14176275,31,150,4
1.4054524142e-05,4000000,3.1415485,32,150,4
3.1509609900e-04,4000000,3.14060275,33,150,4
1.6149337809e-04,4000000,3.1421,34,149,4
7.0236219053e-05,4000000,3.141372,35,169,4
5.7644777721e-05,4000000,3.14177375,36,151,4
1.5785101523e-04,4000000,3.14109675,37,149,4
3.4646888444e-05,4000000,3.1417015,38,150,4
2.6766792596e-04,4000000,3.14075175,39,151,4
2.6370831404e-05,4000000,3.1416755,40,150,4
7.5010867346e-05,4000000,3.141357,41,150,4
1.1392425093e-04,4000000,3.14123475,42,150,4
8.7804639437e-05,4000000,3.1418685,43,150,4
1.4510041895e-04,4000000,3.1420485,44,150,4
1.0738069744e-04,4000000,3.14193,45,149,4
8.1518019185e-05,4000000,3.14184875,46,149,4
1.1241227897e-04,4000000,3.1412395,47,149,4
1.3103340731e-04,4000000,3.141181,48,150,4
2.0909890690e-04,4000000,3.14093575,49,149,4
3.9978579038e-05,8000000,3.14171825,0,439,8
7.6423367466e-05,8000000,3.1413525625,1,458,8
7.3916044399e-06,8000000,3.141615875,2,439,8
6.1999950748e-05,8000000,3.141397875,3,471,8
2.1415440260e-05,8000000,3.141525375,4,458,8
7.0534001859e-06,8000000,3.1416148125,5,496,8
4.9287449669e-05,8000000,3.1414378125,6,490,8
6.3889915697e-05,8000000,3.1413919375,7,459,8
8.5653721452e-06,8000000,3.1416195625,8,491,8
5.4141675433e-05,8000000,3.1414225625,9,489,8
4.1449068721e-05,8000000,3.1414624375,10,491,8
9.1543087060e-05,8000000,3.1413050625,11,497,8
8.0879705872e-05,8000000,3.1413385625,12,456,8
2.2887623483e-05,8000000,3.14152075,13,521,8
1.4718932758e-04,8000000,3.1420550625,14,492,8
6.8228581437e-05,8000000,3.141807,15,442,8
4.3398716774e-05,8000000,3.1414563125,16,520,8
7.4075832055e-05,8000000,3.1413599375,17,493,8
4.9687030567e-05,8000000,3.14174875,18,459,8
5.6789319902e-05,8000000,3.1417710625,19,489,8
3.8285864227e-05,8000000,3.141472375,20,503,8
9.8369181497e-06,8000000,3.14156175,21,490,8
1.5864911619e-05,8000000,3.1415428125,22,502,8
1.1641274046e-04,8000000,3.141958375,23,490,8
5.9236327152e-05,8000000,3.14177875,24,490,8
6.0428295685e-05,8000000,3.1414028125,25,490,8
6.3712559927e-05,8000000,3.1417928125,26,461,8
2.7960054582e-06,8000000,3.1416014375,27,490,8
4.6762558487e-05,8000000,3.1417395625,28,489,8
1.0519231697e-04,8000000,3.141923125,29,533,8
7.2424599521e-05,8000000,3.141365125,30,407,8
5.1853823126e-05,8000000,3.14142975,31,491,8
4.0654987546e-05,8000000,3.141720375,32,458,8
1.0992485027e-05,8000000,3.1416271875,33,460,8
3.4585511800e-05,8000000,3.141484,34,504,8
1.0481263044e-04,8000000,3.141263375,35,434,8
9.3474534285e-05,8000000,3.1418863125,36,458,8
2.3186039002e-05,8000000,3.1415198125,37,459,8
7.3162384673e-05,8000000,3.1418225,38,496,8
6.2437626842e-05,8000000,3.1413965,39,459,8
2.5296535538e-05,8000000,3.141672125,40,491,8
3.3948892028e-05,8000000,3.141486,41,526,8
8.0541501618e-05,8000000,3.141339625,42,469,8
6.1862383713e-05,8000000,3.141787,43,439,8
5.1278579998e-05,8000000,3.14175375,44,472,8
7.9966258490e-05,8000000,3.141843875,45,521,8
5.9355693359e-05,8000000,3.141779125,46,521,8
1.5122788426e-04,8000000,3.14206775,47,493,8
7.8969846555e-05,8000000,3.1413445625,48,458,8
7.1053581677e-05,8000000,3.141815875,49,502,8
3.9877413658e-05,16000000,3.141467375,0,1668,16
1.2010377841e-05,16000000,3.141554921875,1,1692,16
1.0652587233e-05,16000000,3.1415591875,2,1648,16
2.1635971847e-05,16000000,3.141660625,3,1651,16
4.7207855513e-06,16000000,3.141607484375,4,1705,16
1.8098054415e-05,16000000,3.141535796875,5,1702,16
2.0191936635e-05,16000000,3.14152921875,6,1730,16
2.6483530479e-05,16000000,3.141509453125,7,1692,16
2.8556885618e-06,16000000,3.141601625,8,1744,16
4.6991976431e-06,16000000,3.141577890625,9,1644,16
7.3749901237e-06,16000000,3.141569484375,10,1663,16
5.5877459031e-05,16000000,3.141417109375,11,1680,16
2.8310532273e-05,16000000,3.14168159375,12,1646,16
1.2771337413e-05,16000000,3.14155253125,13,1656,16
1.4026376130e-05,16000000,3.14163671875,14,1733,16
7.4761555035e-06,16000000,3.141616140625,15,1649,16
3.0493939148e-05,16000000,3.141688453125,16,1658,16
3.2741029991e-07,16000000,3.141591625,17,1664,16
1.3618541589e-05,16000000,3.1416354375,18,1649,16
3.5863724937e-05,16000000,3.141479984375,19,1707,16
1.8983353786e-05,16000000,3.141533015625,20,1698,16
3.4913768871e-05,16000000,3.14148296875,21,1806,16
4.5119579596e-05,16000000,3.14145090625,22,1656,16
4.5310269632e-05,16000000,3.141735,23,1697,16
1.5622899153e-05,16000000,3.141641734375,24,1652,16
2.0097438387e-05,16000000,3.141529515625,25,1691,16
9.5036242164e-05,16000000,3.14189121875,26,1737,16
5.5138087368e-05,16000000,3.141765875,27,1726,16
3.0041342279e-05,16000000,3.14168703125,28,1705,16
1.1161587155e-05,16000000,3.14162771875,29,1646,16
8.1416853805e-05,16000000,3.141336875,30,1775,16
1.6802273163e-06,16000000,3.141587375,31,1695,16
2.5291561946e-05,16000000,3.141672109375,32,1725,16
7.9021908728e-06,16000000,3.141567828125,33,1640,16
1.0120412892e-05,16000000,3.141560859375,34,1656,16
4.3062838773e-06,16000000,3.141579125,35,1759,16
5.7255144007e-05,16000000,3.14141278125,36,1727,16
4.8327546418e-05,16000000,3.141440828125,37,1647,16
3.0954789661e-05,16000000,3.14149540625,38,1657,16
3.5304035297e-06,16000000,3.1415815625,39,1644,16
1.4160663113e-05,16000000,3.141637140625,40,1677,16
2.1046761742e-06,16000000,3.141599265625,41,1713,16
1.1766671835e-05,16000000,3.1415556875,42,1744,16
1.1121798419e-05,16000000,3.14162759375,43,1646,16
5.7871869412e-05,16000000,3.14141084375,44,1668,16
3.6391898410e-07,16000000,3.141593796875,45,1708,16
7.5241978829e-06,16000000,3.141569015625,46,1700,16
4.6124245175e-05,16000000,3.14144775,47,1657,16
8.5852665132e-06,16000000,3.141619625,48,1693,16
1.8661763848e-05,16000000,3.14165128125,49,1683,16
7.8835399028e-06,32000000,3.14156788671875,0,6555,32
1.5911528031e-06,32000000,3.14159765234375,1,6649,32
2.0727841170e-05,32000000,3.14152753515625,2,6549,32
7.5383254031e-06,32000000,3.1416163359375,3,6452,32
7.2573174568e-06,32000000,3.141615453125,4,6582,32
1.0249565740e-06,32000000,3.14158943359375,5,6570,32
4.5222781630e-05,32000000,3.14145058203125,6,6598,32
1.8898009466e-05,32000000,3.1416520234375,7,6508,32
2.9124347273e-06,32000000,3.14158350390625,8,6575,32
8.2242309530e-06,32000000,3.14156681640625,9,6621,32
1.4510851205e-05,32000000,3.14154706640625,10,6426,32
1.1142936185e-05,32000000,3.14162766015625,11,6587,32
1.2874989589e-05,32000000,3.1416331015625,12,6432,32
6.1855083869e-06,32000000,3.1416120859375,13,6655,32
5.7026198234e-06,32000000,3.14157473828125,14,6588,32
1.6140152718e-05,32000000,3.141643359375,15,6539,32
9.7080549008e-06,32000000,3.14162315234375,16,6513,32
6.3678377495e-06,32000000,3.1415726484375,17,6578,32
1.7903291072e-05,32000000,3.1416488984375,18,6453,32
1.7216935380e-05,32000000,3.1416467421875,19,6411,32
1.7803369090e-05,32000000,3.14153672265625,20,6479,32
1.4999346072e-06,32000000,3.14158794140625,21,6560,32
2.7508540567e-05,32000000,3.14167907421875,22,6593,32
7.0467330537e-06,32000000,3.141570515625,23,6524,32
1.0958302596e-06,32000000,3.1415892109375,24,6437,32
2.3685091739e-05,32000000,3.1416670625,25,6418,32
1.8398956729e-05,32000000,3.1415348515625,26,6711,32
4.7377429808e-06,32000000,3.14157776953125,27,6472,32
8.4778841435e-06,32000000,3.14156601953125,28,6431,32
1.5620412357e-05,32000000,3.1416417265625,29,6608,32
1.9273065518e-05,32000000,3.14153210546875,30,6443,32
7.3936410937e-06,32000000,3.14156942578125,31,6547,32
2.4573671162e-05,32000000,3.141515453125,32,6472,32
1.7772123596e-06,32000000,3.1415870703125,33,6445,32
1.6050628063e-05,32000000,3.141643078125,34,6490,32
1.0145280852e-05,32000000,3.14156078125,35,6680,32
1.5179799325e-05,32000000,3.14154496484375,36,6576,32
7.4202025938e-06,32000000,3.14161596484375,37,6595,32
6.3479433816e-06,32000000,3.1415727109375,38,6591,32
1.6293090671e-05,32000000,3.14164383984375,39,6454,32
2.2356692540e-05,32000000,3.14152241796875,40,6622,32
1.6669390121e-05,32000000,3.14154028515625,41,6544,32
1.1851673041e-05,32000000,3.14162988671875,42,6414,32
5.0216878655e-06,32000000,3.1416084296875,43,6438,32
9.8448286800e-06,32000000,3.14162358203125,44,6519,32
1.4507571153e-05,32000000,3.14163823046875,45,6597,32
3.1810086936e-06,32000000,3.14158266015625,46,6612,32
2.2045049786e-05,32000000,3.14166191015625,47,6617,32
1.9936246790e-05,32000000,3.14165528515625,48,6613,32
2.3057175753e-05,32000000,3.14166508984375,49,6427,32
1.9326981774e-05,64000000,3.14165337109375,0,25876,64
3.9859483507e-07,64000000,3.1415914013671875,1,25635,64
4.9587569741e-06,64000000,3.1415770751953125,2,25683,64
1.2681191059e-05,64000000,3.141552814453125,3,25901,64
1.4767130484e-05,64000000,3.1416390458984376,4,25614,64
9.3439108455e-06,64000000,3.141563298828125,5,25676,64
6.2109980457e-06,64000000,3.141612166015625,6,25797,64
5.1800818168e-06,64000000,3.1415763798828125,7,25849,64
3.4152176586e-06,64000000,3.1416033828125,8,25685,64
7.4404078111e-06,64000000,3.1416160283203123,9,25820,64
1.0889282994e-05,64000000,3.14162686328125,10,25931,64
3.3025508474e-06,64000000,3.1415822783203127,11,25732,64
8.6183881167e-06,64000000,3.141565578125,12,25865,64
7.2237457109e-06,64000000,3.14161534765625,13,25868,64
4.5616306082e-06,64000000,3.141606984375,14,25602,64
1.3218178448e-06,64000000,3.1415885009765625,15,25717,64
9.4031115430e-06,64000000,3.1416221943359375,16,25887,64
7.8830574966e-06,64000000,3.1416174189453123,17,25781,64
7.8372233276e-06,64000000,3.1415680322265627,18,25686,64
6.2385243582e-06,64000000,3.1415730546875,19,25808,64
8.3159315549e-06,64000000,3.1415665283203125,20,25660,64
2.6467976991e-06,64000000,3.14160096875,21,25908,64
6.2738006575e-07,64000000,3.1415906826171875,22,26012,64
2.8482281739e-06,64000000,3.1416016015625,23,25743,64
5.6132344606e-06,64000000,3.1416102880859373,24,26158,64
2.4587337526e-06,64000000,3.1416003779296875,25,25822,64
3.1276818728e-06,64000000,3.1416024794921875,26,25675,64
4.3729449627e-06,64000000,3.1416063916015626,27,25918,64
1.6684150353e-06,64000000,3.141587412109375,28,25746,64
1.1686611957e-05,64000000,3.1416293681640624,29,25600,64
6.3404719805e-07,64000000,3.1415946455078125,30,25976,64
1.3594156035e-05,64000000,3.1415499462890626,31,25635,64
2.3891034651e-06,64000000,3.1416001591796876,32,25981,64
6.5683356758e-06,64000000,3.1415720185546876,33,26039,64
8.5481361301e-06,64000000,3.141565798828125,34,25657,64
7.1569130688e-06,64000000,3.1416151376953123,35,25774,64
1.8841445871e-06,64000000,3.141586734375,36,26003,64
1.2462803154e-05,64000000,3.141631806640625,37,25976,64
2.8651856035e-06,64000000,3.14158365234375,38,25854,64
4.2590347536e-06,64000000,3.1415792734375,39,25625,64
8.5196772691e-06,64000000,3.1416194189453126,40,25881,64
6.2828042798e-06,64000000,3.1416123916015626,41,25916,64
6.3779242263e-06,64000000,3.1416126904296875,42,25775,64
2.7332248728e-07,64000000,3.141591794921875,43,25888,64
1.2062118151e-05,64000000,3.1416305478515625,44,25702,64
9.2674418689e-06,64000000,3.1415635390625,45,25923,64
4.2298038868e-07,64000000,3.141593982421875,46,25924,64
4.1831874759e-06,64000000,3.14157951171875,47,25858,64
4.1287888138e-06,64000000,3.1415796826171873,48,25909,64
4.7661805910e-07,64000000,3.14159115625,49,25953,64
