Error,Npoint,Pi,Nlance,tempsMilis,Nproc
9.7067457125e-05,15000000,3.1418976,0,1796,1
2.4543398041e-04,15000000,3.1408216,1,1507,1
5.2325982790e-05,15000000,3.141428266666667,2,1656,1
2.4832333620e-05,15000000,3.1416706666666667,3,1794,1
4.0951709524e-05,15000000,3.141464,4,1621,1
7.7629333409e-05,15000000,3.141836533333333,5,1656,1
3.7089051688e-04,15000000,3.1404274666666665,6,1655,1
8.2552526315e-05,15000000,3.141852,7,1510,1
1.2193806957e-04,15000000,3.141975733333333,8,1819,1
1.3781112256e-04,15000000,3.1420256,9,1791,1
8.2459318683e-05,15000000,3.1413336,10,1801,1
2.1199854670e-04,15000000,3.1422586666666668,11,1519,1
6.7867830232e-05,15000000,3.1418058666666666,12,1696,1
3.0773783546e-04,15000000,3.140625866666667,13,1699,1
3.0943883435e-05,15000000,3.141689866666667,14,1537,1
8.0222254693e-07,15000000,3.141590133333333,15,1509,1
1.4298896337e-04,15000000,3.1420418666666667,16,1479,1
1.2184820809e-05,15000000,3.1416309333333334,17,1701,1
8.8231337952e-05,15000000,3.1413154666666667,18,1735,1
5.9888862419e-05,15000000,3.1417808,19,1461,1
1.2040185712e-04,15000000,3.1412144,20,1632,1
1.2363572229e-04,15000000,3.1419810666666668,21,1599,1
1.3882138920e-04,15000000,3.141156533333333,22,1606,1
1.6598717898e-05,15000000,3.1416448,23,1377,1
2.8040562657e-04,15000000,3.140711733333333,24,1707,1
4.8251616247e-05,15000000,3.141441066666667,25,1609,1
4.2824106359e-06,15000000,3.1415792,26,1555,1
4.6638846157e-05,15000000,3.1414461333333334,27,1680,1
3.9254056798e-05,15000000,3.1414693333333332,28,1798,1
2.0885788915e-04,15000000,3.1422488,29,1688,1
3.2598760227e-04,15000000,3.1405685333333335,30,1479,1
9.0107080947e-05,15000000,3.1418757333333334,31,1893,1
2.4149926369e-06,15000000,3.1415850666666665,32,1787,1
8.4335061678e-05,15000000,3.1418576,33,1605,1
5.7164293060e-05,15000000,3.141413066666667,34,1500,1
1.0155791185e-04,15000000,3.1412736,35,1523,1
7.1684202705e-06,15000000,3.1415701333333335,36,1803,1
3.0264822345e-05,15000000,3.1416877333333333,37,1456,1
4.0357531070e-05,15000000,3.1414658666666666,38,1830,1
1.4553209630e-05,15000000,3.1415469333333332,39,1479,1
9.9435845946e-05,15000000,3.1412802666666666,40,1595,1
1.1259265457e-04,15000000,3.1412389333333333,41,1568,1
1.1557187184e-04,15000000,3.1419557333333334,42,1700,1
3.0350202864e-04,15000000,3.1425461333333335,43,1565,1
1.0139312542e-05,15000000,3.1415608,44,1568,1
9.3332621127e-05,15000000,3.1418858666666667,45,1545,1
5.6323791694e-05,15000000,3.1417696,46,1644,1
1.5215628809e-04,15000000,3.1420706666666667,47,1612,1
4.6269200156e-07,15000000,3.1415912,48,1592,1
4.0357531070e-05,15000000,3.1414658666666666,49,1701,1
1.4222004081e-05,15000000,3.141637333333333,0,1842,2
3.4713170371e-04,15000000,3.1426832,1,2246,2
6.6161852510e-05,15000000,3.1413848,2,1729,2
6.6339942779e-05,15000000,3.1418010666666665,3,1965,2
1.4824336183e-04,15000000,3.141126933333333,4,1807,2
5.0882977973e-05,15000000,3.1414328,5,1833,2
1.3670764828e-04,15000000,3.142022133333333,6,1959,2
6.4727172689e-05,15000000,3.141796,7,2321,2
4.2293189794e-04,15000000,3.1429213333333332,8,2755,2
2.4951667195e-04,15000000,3.1423765333333336,9,2897,2
7.2528050234e-05,15000000,3.1413648,10,1874,2
8.8146455316e-05,15000000,3.1413157333333332,11,2477,2
1.8509075098e-04,15000000,3.1421741333333335,12,1781,2
5.3268016786e-05,15000000,3.14176,13,2996,2
3.5773868709e-05,15000000,3.1414802666666666,14,1908,2
1.2219271747e-04,15000000,3.141976533333333,15,1899,2
1.6310614818e-04,15000000,3.142105066666667,16,2828,2
2.6614868983e-05,15000000,3.141676266666667,17,2092,2
1.9663478952e-04,15000000,3.1422104,18,2066,2
6.4128015399e-06,15000000,3.1416128,19,1543,2
9.7997819963e-06,15000000,3.1415618666666667,20,1637,2
9.6643043943e-05,15000000,3.1418962666666665,21,2305,2
1.3246351647e-04,15000000,3.1420088,22,2016,2
1.6496524118e-04,15000000,3.1410744,23,1889,2
1.2266357284e-06,15000000,3.1415888,24,2704,2
2.4314712806e-05,15000000,3.1415162666666667,25,1812,2
5.4371491058e-05,15000000,3.1417634666666667,26,1854,2
1.2346261086e-05,15000000,3.1415538666666665,27,2243,2
1.1539378157e-04,15000000,3.1412301333333335,28,1925,2
5.1909894605e-05,15000000,3.1417557333333335,29,2214,2
7.1857314139e-05,15000000,3.1418184,30,1762,2
6.4124669238e-05,15000000,3.1413912,31,1998,2
1.4859121737e-04,15000000,3.142059466666667,32,1941,2
4.9108767607e-05,15000000,3.141746933333333,33,2351,2
3.0341714601e-04,15000000,3.1425458666666666,34,2154,2
1.2863881900e-05,15000000,3.1416330666666665,35,2016,2
1.3148645262e-07,15000000,3.1415930666666667,36,1990,2
1.9942759153e-04,15000000,3.1409661333333334,37,2146,2
1.9824258078e-05,15000000,3.1416549333333332,38,2121,2
8.9844108042e-05,15000000,3.1413104,39,2783,2
2.5766042620e-05,15000000,3.1416736,40,2560,2
2.5766042620e-05,15000000,3.1416736,41,2183,2
7.7705891049e-05,15000000,3.1413485333333333,42,2791,2
1.6353056136e-04,15000000,3.1421064,43,1872,2
3.1707827162e-05,15000000,3.1416922666666665,44,1949,2
1.2940439540e-05,15000000,3.141552,45,2162,2
6.5228143510e-05,15000000,3.1413877333333335,46,1893,2
4.4601662886e-05,15000000,3.141452533333333,47,1773,2
2.4908891260e-05,15000000,3.1415144,48,1927,2
8.6626892858e-05,15000000,3.1418648,49,1722,2
1.5928642954e-04,15000000,3.142093066666667,0,3460,4
3.4262459899e-04,15000000,3.140516266666667,1,2027,4
8.1870119063e-06,15000000,3.1415669333333334,2,3028,4
2.0036130053e-04,15000000,3.1409632,3,3717,4
7.4313931757e-06,15000000,3.141616,4,2179,4
9.8587019583e-05,15000000,3.141282933333333,5,4004,4
2.2395867342e-04,15000000,3.1408890666666665,6,3039,4
1.8465801281e-04,15000000,3.1410125333333334,7,2067,4
6.8971304505e-05,15000000,3.1418093333333332,8,2017,4
3.1877592435e-05,15000000,3.1416928,9,4237,4
4.6723728794e-05,15000000,3.1414458666666665,10,2335,4
1.1124285739e-04,15000000,3.1419421333333335,11,2245,4
1.2355083966e-04,15000000,3.1419808,12,4178,4
9.9945141764e-05,15000000,3.1412786666666666,13,1971,4
9.2051056586e-05,15000000,3.141303466666667,14,4301,4
3.8922851249e-05,15000000,3.141714933333333,15,1875,4
1.0861149566e-04,15000000,3.1419338666666667,16,2912,4
7.4989646687e-05,15000000,3.1413570666666666,17,2055,4
4.8854119698e-05,15000000,3.141746133333333,18,3066,4
1.7905575881e-04,15000000,3.1410301333333335,19,2075,4
1.8695816898e-04,15000000,3.14218,20,1896,4
5.6060818788e-05,15000000,3.1414165333333335,21,2242,4
1.0036955495e-04,15000000,3.1412773333333335,22,2281,4
3.2981066707e-05,15000000,3.1416962666666666,23,3378,4
1.2389037020e-04,15000000,3.141981866666667,24,4392,4
1.2269368830e-04,15000000,3.1412072,25,2575,4
1.5614577200e-04,15000000,3.1420832,26,3590,4
1.6675275538e-05,15000000,3.1415402666666665,27,3928,4
6.6085294870e-05,15000000,3.1418002666666665,28,5047,4
7.0499191958e-05,15000000,3.1418141333333334,29,2741,4
5.2410865427e-05,15000000,3.141428,30,2641,4
7.7883981318e-05,15000000,3.141837333333333,31,3185,4
1.7268956109e-04,15000000,3.141050133333333,32,3655,4
5.7164293060e-05,15000000,3.141413066666667,33,2080,4
5.8098002060e-05,15000000,3.1414101333333333,34,4028,4
6.7519974691e-05,15000000,3.1413805333333333,35,3335,4
8.1780257592e-05,15000000,3.1413357333333334,36,2071,4
1.2855059020e-04,15000000,3.1411888,37,2603,4
4.5458814245e-05,15000000,3.141735466666667,38,1998,4
4.2055183796e-05,15000000,3.1414605333333334,39,3535,4
3.4389783853e-04,15000000,3.1405122666666667,40,3908,4
1.0623478185e-04,15000000,3.1419264,41,3906,4
2.1827153679e-04,15000000,3.1409069333333335,42,2431,4
3.8278820064e-08,15000000,3.141592533333333,43,4349,4
1.7991291017e-04,15000000,3.1421578666666665,44,3927,4
4.0357531070e-05,15000000,3.1414658666666666,45,2379,4
2.4662568348e-05,15000000,3.1416701333333332,46,2403,4
3.0940537274e-06,15000000,3.1415829333333334,47,2847,4
9.1125672583e-05,15000000,3.1418789333333335,48,2081,4
1.7362661625e-05,15000000,3.1416472,49,2599,4
1.3602026220e-04,15000000,3.1411653333333334,0,5554,8
1.0291603403e-04,15000000,3.1412693333333332,1,4048,8
4.4100692064e-05,15000000,3.1417312,2,4804,8
1.0546251312e-04,15000000,3.1412613333333335,3,5360,8
4.3795612457e-04,15000000,3.1429685333333333,4,4279,8
1.0317900694e-04,15000000,3.1419168,5,4231,8
1.6480380091e-04,15000000,3.1421104,6,5542,8
1.3347378311e-04,15000000,3.141173333333333,7,5553,8
2.7761282457e-04,15000000,3.1424648,8,5454,8
3.3125032572e-04,15000000,3.140552,9,2715,8
7.6865389682e-05,15000000,3.1418341333333335,10,2767,8
1.2965406447e-04,15000000,3.1411853333333335,11,5522,8
5.5636405607e-05,15000000,3.1414178666666666,12,4556,8
3.6877342981e-05,15000000,3.1414768,13,5118,8
6.5406233779e-05,15000000,3.1417981333333334,14,3163,8
8.9589460133e-05,15000000,3.1413112,15,5473,8
1.3416116920e-04,15000000,3.1420141333333333,16,5299,8
2.3805416988e-05,15000000,3.1415178666666668,17,5425,8
1.8414871699e-04,15000000,3.1410141333333335,18,5406,8
7.4573558501e-05,15000000,3.1418269333333333,19,4480,8
5.0891302969e-05,15000000,3.1417525333333334,20,5208,8
1.1531722393e-04,15000000,3.1419549333333334,21,5156,8
1.7599998390e-04,15000000,3.1410397333333333,22,2983,8
5.4702696607e-05,15000000,3.1414208,23,2346,8
1.4214013701e-04,15000000,3.1420392,24,5283,8
2.2532177444e-05,15000000,3.141521866666667,25,5409,8
2.9730559619e-04,15000000,3.1425266666666665,26,5265,8
1.0173600212e-04,15000000,3.1419122666666666,27,4864,8
5.4278283426e-05,15000000,3.141422133333333,28,5446,8
8.1703699952e-05,15000000,3.1418493333333335,29,5194,8
9.7406987670e-05,15000000,3.1418986666666666,30,5389,8
1.6717218973e-04,15000000,3.1410674666666667,31,5308,8
1.3034145056e-04,15000000,3.1420021333333334,32,5325,8
1.4467829110e-04,15000000,3.1411381333333335,33,5468,8
3.8999408889e-05,15000000,3.1414701333333332,34,4175,8
8.3651021753e-06,15000000,3.1416189333333335,35,3937,8
6.1331867236e-05,15000000,3.1417853333333334,36,5115,8
4.5195841340e-05,15000000,3.1414506666666666,37,5616,8
1.8271403717e-04,15000000,3.1421666666666668,38,4323,8
3.4194553790e-04,15000000,3.1405184,39,4165,8
4.3676278883e-05,15000000,3.1417298666666666,40,5477,8
1.8440336490e-04,15000000,3.1410133333333334,41,5301,8
4.2827452519e-05,15000000,3.1417272,42,5283,8
8.1695374956e-05,15000000,3.141336,43,5149,8
9.8765109851e-05,15000000,3.1419029333333333,44,5274,8
1.5325478353e-05,15000000,3.1416408,45,5444,8
4.1554212975e-05,15000000,3.1417232,46,5410,8
1.0963008730e-04,15000000,3.141937066666667,47,4445,8
1.8550683917e-04,15000000,3.141009866666667,48,3008,8
6.0474715877e-05,15000000,3.1414026666666666,49,4836,8
8.0172466336e-06,15000000,3.141567466666667,0,6115,16
3.4508954160e-05,15000000,3.1417010666666667,1,6444,16
5.6060818788e-05,15000000,3.1414165333333335,2,5812,16
1.9994023350e-05,15000000,3.1416554666666667,3,5785,16
3.5052700916e-04,15000000,3.142693866666667,4,6372,16
1.4214013701e-04,15000000,3.1420392,5,6030,16
2.9246230709e-05,15000000,3.141684533333333,6,6532,16
3.0349704981e-05,15000000,3.141688,7,6457,16
2.2481582478e-04,15000000,3.1422989333333335,8,6505,16
9.0361728856e-05,15000000,3.1418765333333334,9,6201,16
6.9986549980e-06,15000000,3.1415706666666665,10,6006,16
2.0393469625e-04,15000000,3.1422333333333334,11,6041,16
1.2312642647e-04,15000000,3.1419794666666667,12,6012,16
2.4858296295e-04,15000000,3.1423736,13,6255,16
1.5122257909e-04,15000000,3.142067733333333,14,6128,16
1.1369612885e-04,15000000,3.1412354666666666,15,5883,16
1.5783509973e-04,15000000,3.1410968,16,6279,16
1.0147637538e-05,15000000,3.1416245333333332,17,6460,16
1.2736223329e-04,15000000,3.1411925333333333,18,6255,16
1.5639209491e-04,15000000,3.1411013333333333,19,6263,16
2.2718421360e-04,15000000,3.140878933333333,20,6705,16
1.9951247416e-04,15000000,3.140965866666667,21,5862,16
1.1956135575e-04,15000000,3.141968266666667,22,6315,16
5.1562039064e-05,15000000,3.1414306666666665,23,6041,16
8.5268770677e-05,15000000,3.1418605333333334,24,6280,16
1.2006730540e-05,15000000,3.1415549333333335,25,6167,16
4.2988892796e-05,15000000,3.1414576,26,6273,16
1.8458145517e-04,15000000,3.1421725333333335,27,6705,16
1.2855556904e-05,15000000,3.141552266666667,28,6846,16
2.5842600260e-05,15000000,3.1415114666666666,29,6290,16
6.7782947596e-05,15000000,3.1418056,30,6713,16
1.5766533446e-04,15000000,3.141097333333333,31,6645,16
3.6965571778e-06,15000000,3.1416042666666666,32,6369,16
2.4959322959e-04,15000000,3.1408085333333333,33,7106,16
3.9933117888e-05,15000000,3.1414672,34,6494,16
9.8926550128e-05,15000000,3.1412818666666666,35,6890,16
7.4734998778e-05,15000000,3.1413578666666666,36,7024,16
3.2039032711e-05,15000000,3.141492,37,6729,16
1.9441951598e-04,15000000,3.1409818666666665,38,6363,16
3.4670394437e-05,15000000,3.141483733333333,39,6238,16
5.5042227153e-05,15000000,3.141419733333333,40,6661,16
2.1089507242e-04,15000000,3.1422552,41,6327,16
3.7479846432e-05,15000000,3.1417104,42,6547,16
5.4116843149e-05,15000000,3.1417626666666667,43,6920,16
2.7065244839e-04,15000000,3.1424429333333332,44,7439,16
8.2459318683e-05,15000000,3.1413336,45,6410,16
2.8490440630e-04,15000000,3.1406976,46,6855,16
2.0851835861e-04,15000000,3.1422477333333334,47,6240,16
7.0745514871e-05,15000000,3.1413704,48,6866,16
8.7221071312e-05,15000000,3.1418666666666666,49,6628,16
6.7019003869e-05,15000000,3.1418032,0,7548,32
1.3254007411e-04,15000000,3.1411762666666667,1,7022,32
6.3114402599e-05,15000000,3.141790933333333,2,6220,32
8.5515093590e-05,15000000,3.141324,3,8768,32
1.0469856940e-04,15000000,3.1412637333333335,4,7486,32
1.3085074638e-04,15000000,3.1420037333333335,5,8097,32
1.7812204981e-04,15000000,3.1410330666666666,6,8401,32
1.4061224956e-04,15000000,3.1420344,7,8977,32
1.4197037174e-04,15000000,3.1420386666666666,8,7569,32
3.1020441075e-05,15000000,3.1414952,9,6537,32
9.8170931397e-05,15000000,3.1419010666666667,10,7277,32
6.6934121233e-05,15000000,3.1418029333333335,11,7203,32
1.1531722393e-04,15000000,3.1419549333333334,12,7222,32
8.3393027682e-05,15000000,3.1413306666666667,13,7994,32
4.0620503975e-05,15000000,3.141720266666667,14,7720,32
2.4832333620e-05,15000000,3.1416706666666667,15,6911,32
9.5115156490e-05,15000000,3.141891466666667,16,6963,32
1.3933901001e-04,15000000,3.1420304,17,6951,32
8.8316220588e-05,15000000,3.1413152,18,8193,32
6.9480600322e-05,15000000,3.1418109333333333,19,8398,32
2.4747450984e-05,15000000,3.1416704,20,8030,32
1.3891459683e-04,15000000,3.142029066666667,21,7195,32
1.8499754335e-04,15000000,3.141011466666667,22,8368,32
9.4003357222e-05,15000000,3.141297333333333,23,6829,32
1.0614989921e-04,15000000,3.1419261333333335,24,7452,32
1.9560787289e-04,15000000,3.1409781333333333,25,7956,32
1.6140017046e-04,15000000,3.1410856,26,7900,32
4.1036592160e-05,15000000,3.1414637333333335,27,7916,32
6.5143260874e-05,15000000,3.141388,28,8874,32
1.0537763049e-04,15000000,3.1412616,29,7788,32
5.4617813971e-05,15000000,3.1414210666666667,30,7704,32
1.8509075098e-04,15000000,3.1421741333333335,31,6910,32
1.3279970085e-05,15000000,3.1415509333333334,32,7586,32
3.5094807618e-05,15000000,3.1414824,33,7758,32
6.4044765436e-06,15000000,3.1415725333333335,34,7458,32
7.1857314139e-05,15000000,3.1418184,35,8226,32
5.3344574426e-05,15000000,3.1414250666666668,36,7712,32
1.8322333299e-04,15000000,3.142168266666667,37,8163,32
1.3627491011e-04,15000000,3.1411645333333333,38,7478,32
2.9365564283e-04,15000000,3.1425152,39,8172,32
3.9228094123e-04,15000000,3.140360266666667,40,7429,32
7.0918626305e-06,15000000,3.1416149333333334,41,8079,32
9.1032464950e-05,15000000,3.1413066666666665,42,6614,32
1.2863547284e-04,15000000,3.141188533333333,43,8366,32
9.4605860672e-05,15000000,3.141889866666667,44,7509,32
2.5842934876e-04,15000000,3.1424045333333335,45,7235,32
1.8610101762e-04,15000000,3.141008,46,7841,32
1.7439219265e-05,15000000,3.1415378666666665,47,6943,32
8.1270961774e-05,15000000,3.1413373333333334,48,6959,32
4.8930677338e-05,15000000,3.1414389333333332,49,7625,32
2.9976719265e-04,15000000,3.1425344,0,8984,64
1.6988843409e-04,15000000,3.1410589333333334,1,8400,64
2.9756024410e-04,15000000,3.1425274666666665,2,11246,64
3.1368296617e-05,15000000,3.1416912,3,10474,64
1.1905205993e-04,15000000,3.141966666666667,4,8007,64
5.3098251514e-05,15000000,3.1417594666666666,5,9425,64
2.4484812695e-04,15000000,3.1423618666666666,6,9353,64
2.0834524717e-05,15000000,3.1415272,7,9294,64
2.3244693705e-04,15000000,3.1408624,8,10421,64
7.2875905775e-05,15000000,3.1418216,9,11343,64
2.5010252541e-04,15000000,3.1408069333333333,10,10169,64
1.1446007257e-04,15000000,3.1412330666666666,11,10464,64
3.4763602069e-05,15000000,3.1417018666666667,12,10061,64
5.1395619953e-06,15000000,3.1416088,13,9744,64
5.9634214510e-05,15000000,3.14178,14,8912,64
2.0053939079e-04,15000000,3.1422226666666666,15,8432,64
1.5919656807e-05,15000000,3.141642666666667,16,8546,64
1.1276241985e-04,15000000,3.1412384,17,8824,64
1.3730182674e-04,15000000,3.142024,18,8638,64
1.4927027846e-04,15000000,3.1420616,19,11798,64
1.9433463335e-04,15000000,3.1409821333333334,20,12717,64
2.3550769079e-05,15000000,3.141518666666667,21,9641,64
8.9512902493e-05,15000000,3.141873866666667,22,9215,64
8.3651021753e-06,15000000,3.1416189333333335,23,10638,64
4.0111208157e-05,15000000,3.1417186666666668,24,9269,64
2.1215998697e-04,15000000,3.140926133333333,25,11072,64
1.1752417248e-04,15000000,3.1419618666666667,26,9468,64
2.5842600260e-05,15000000,3.1415114666666666,27,9143,64
2.2294008179e-04,15000000,3.1408922666666665,28,10535,64
2.3321920578e-04,15000000,3.1423253333333334,29,8116,64
1.9663478952e-04,15000000,3.1422104,30,7624,64
7.2612932870e-05,15000000,3.1413645333333333,31,9920,64
1.6598383282e-04,15000000,3.1410712,32,9417,64
4.1121809413e-04,15000000,3.1428845333333335,33,10932,64
7.5337502228e-05,15000000,3.1418293333333334,34,9602,64
7.1424575962e-05,15000000,3.1413682666666665,35,9683,64
7.6687299413e-05,15000000,3.1413517333333334,36,7534,64
2.2821113023e-04,15000000,3.1423096,37,8476,64
4.7071584335e-05,15000000,3.1417405333333335,38,9038,64
2.5485595304e-04,15000000,3.140792,39,11109,64
9.0441632657e-06,15000000,3.1416210666666666,40,9067,64
1.4943171874e-04,15000000,3.1411232,41,9738,64
2.2455619804e-05,15000000,3.1416632,42,9328,64
1.0479177703e-04,15000000,3.141921866666667,43,7744,64
7.3716407142e-05,15000000,3.1413610666666667,44,8619,64
2.0333553896e-05,15000000,3.1416565333333333,45,7131,64
4.8760912065e-05,15000000,3.1414394666666667,46,7965,64
1.4722477019e-04,15000000,3.1411301333333332,47,7742,64
2.0189751297e-04,15000000,3.1422269333333332,48,7225,64
5.6060818788e-05,15000000,3.1414165333333335,49,8301,64
1.0929055675e-04,1000000,3.141936,0,94,1
8.6788333135e-05,1000000,3.14132,1,100,1
9.6108781218e-04,1000000,3.144612,2,108,1
5.4388132969e-04,1000000,3.139884,3,116,1
4.5602780111e-04,1000000,3.14016,4,109,1
7.3486726140e-04,1000000,3.139284,5,119,1
5.0399481562e-04,1000000,3.143176,6,114,1
2.6758834849e-04,1000000,3.140752,7,134,1
9.5284921762e-05,1000000,3.141892,8,124,1
4.5984751974e-04,1000000,3.140148,9,129,1
2.3534127168e-04,1000000,3.142332,10,143,1
6.5143260874e-05,1000000,3.141388,11,116,1
5.5534048560e-04,1000000,3.139848,12,114,1
1.5486918629e-05,1000000,3.141544,13,117,1
2.9050666029e-04,1000000,3.14068,14,110,1
4.6366723838e-04,1000000,3.140136,15,140,1
6.2664190010e-04,1000000,3.139624,16,107,1
3.7708694933e-04,1000000,3.140408,17,115,1
5.5661372514e-04,1000000,3.139844,18,130,1
4.0535621339e-05,1000000,3.14172,19,134,1
5.8777063150e-05,1000000,3.141408,20,118,1
2.1283904806e-04,1000000,3.140924,21,111,1
5.1968977834e-04,1000000,3.13996,22,133,1
7.3190469413e-04,1000000,3.143892,23,97,1
2.4976299486e-04,1000000,3.140808,24,117,1
9.7168981673e-04,1000000,3.13854,25,136,1
1.4917707083e-04,1000000,3.141124,26,88,1
4.4584188475e-04,1000000,3.140192,27,94,1
6.3513848873e-04,1000000,3.143588,28,110,1
3.2997708618e-04,1000000,3.140556,29,126,1
4.8021935246e-04,1000000,3.140084,30,130,1
5.3073284606e-04,1000000,3.14326,31,115,1
1.9628693398e-04,1000000,3.140976,32,118,1
1.3984830583e-04,1000000,3.142032,33,133,1
1.0977405317e-03,1000000,3.138144,34,124,1
6.0330750011e-04,1000000,3.143488,35,105,1
3.1682860255e-04,1000000,3.142588,36,126,1
1.4812836374e-06,1000000,3.141588,37,109,1
8.1253487363e-04,1000000,3.13904,38,113,1
1.7973481990e-04,1000000,3.141028,39,133,1
5.7529623013e-04,1000000,3.1434,40,129,1
2.3830383896e-04,1000000,3.140844,41,122,1
6.1323542240e-05,1000000,3.1414,42,116,1
5.4728496014e-04,1000000,3.143312,43,130,1
5.2987569470e-04,1000000,3.139928,44,129,1
2.2175172488e-04,1000000,3.140896,45,141,1
3.0154972801e-04,1000000,3.14254,46,108,1
1.5172354992e-04,1000000,3.141116,47,123,1
6.8521091916e-04,1000000,3.13944,48,123,1
1.3857506628e-04,1000000,3.142028,49,137,1
1.6785957581e-04,2000000,3.14212,0,296,2
7.1729990185e-05,2000000,3.141818,1,419,2
3.8854610524e-04,2000000,3.140372,2,269,2
5.0590467494e-04,2000000,3.143182,3,512,2
1.4850298857e-05,2000000,3.141546,4,463,2
4.6134129087e-04,2000000,3.143042,5,483,2
5.5177876103e-05,2000000,3.141766,6,323,2
2.0987648079e-04,2000000,3.142252,7,508,2
1.1311027539e-04,2000000,3.141948,8,503,2
1.5707450217e-05,2000000,3.141642,9,470,2
1.9969056443e-04,2000000,3.14222,10,306,2
3.7157790297e-04,2000000,3.14276,11,575,2
4.3310948930e-04,2000000,3.140232,12,492,2
1.1374689516e-04,2000000,3.14195,13,273,2
6.8839401802e-04,2000000,3.13943,14,290,2
3.4865959116e-04,2000000,3.142688,15,532,2
3.6903142388e-04,2000000,3.142752,16,498,2
1.2303819768e-05,2000000,3.141554,17,535,2
9.7573406782e-06,2000000,3.141562,18,469,2
3.2361088846e-04,2000000,3.140576,19,499,2
3.1278835233e-04,2000000,3.14061,20,471,2
3.5884550752e-04,2000000,3.14272,21,291,2
4.2441734408e-04,2000000,3.142926,22,480,2
1.9650746557e-04,2000000,3.14221,23,240,2
2.3343141237e-04,2000000,3.142326,24,234,2
5.0721537697e-05,2000000,3.141752,25,436,2
2.2515535533e-04,2000000,3.1423,26,400,2
2.2133563669e-04,2000000,3.142288,27,333,2
1.7104267467e-04,2000000,3.14213,28,341,2
6.7053120191e-05,2000000,3.141382,29,502,2
2.0796662147e-04,2000000,3.142246,30,473,2
4.5752157224e-04,2000000,3.14303,31,343,2
2.4807366713e-04,2000000,3.142372,32,269,2
7.0749261119e-04,2000000,3.13937,33,494,2
4.0531875091e-04,2000000,3.142866,34,470,2
3.2361088846e-04,2000000,3.140576,35,292,2
1.7209538263e-04,2000000,3.141052,36,477,2
2.4403341691e-04,2000000,3.140826,37,568,2
4.0468213113e-04,2000000,3.142864,38,475,2
2.7290183825e-04,2000000,3.14245,39,391,2
7.2617511618e-04,2000000,3.143874,40,456,2
5.5237791832e-04,2000000,3.143328,41,284,2
3.5353201776e-04,2000000,3.140482,42,290,2
2.7331792644e-04,2000000,3.140734,43,485,2
4.5857428020e-04,2000000,3.140152,44,432,2
7.6224191162e-04,2000000,3.139198,45,486,2
4.1168494863e-04,2000000,3.142886,46,411,2
6.2596781785e-05,2000000,3.141396,47,329,2
9.7573406782e-06,2000000,3.141562,48,473,2
2.4107084963e-04,2000000,3.14235,49,410,2
5.2478273652e-04,4000000,3.139944,0,1319,4
4.2445480656e-05,4000000,3.141726,1,1098,4
1.0588692631e-04,4000000,3.14126,2,1278,4
1.1861932175e-04,4000000,3.14122,3,1085,4
2.6727003860e-04,4000000,3.140753,4,1196,4
8.1058755183e-05,4000000,3.141338,5,1028,4
1.2303819768e-05,4000000,3.141554,6,674,4
8.3605234273e-05,4000000,3.14133,7,986,4
1.1702777232e-04,4000000,3.141225,8,1160,4
5.3268016786e-05,4000000,3.14176,9,1084,4
7.5868018705e-05,4000000,3.141831,10,517,4
1.1279196550e-04,4000000,3.141947,11,1193,4
1.2498551948e-04,4000000,3.1412,12,496,4
6.0967369784e-04,4000000,3.143508,13,774,4
4.8776101143e-04,4000000,3.143125,14,1232,4
4.8212921177e-04,4000000,3.140078,15,520,4
6.3870021329e-05,4000000,3.141392,16,1112,4
8.3923544159e-05,4000000,3.141329,17,1167,4
2.1793200624e-04,4000000,3.140908,18,1113,4
1.1406520505e-04,4000000,3.141951,19,997,4
1.5640041991e-04,4000000,3.142084,20,926,4
1.4812836374e-06,4000000,3.141588,21,1214,4
1.4822214117e-04,4000000,3.141127,22,1266,4
2.4807366713e-04,4000000,3.142372,23,1229,4
2.4329901884e-04,4000000,3.142357,24,598,4
9.0608051769e-05,4000000,3.141308,25,989,4
1.2816861834e-04,4000000,3.14119,26,1320,4
4.0955455773e-04,4000000,3.140306,27,1158,4
8.2331994728e-05,4000000,3.141334,28,1121,4
1.8988327378e-05,4000000,3.141533,29,655,4
1.0938833505e-04,4000000,3.141249,30,726,4
2.8668694166e-04,4000000,3.140692,31,1279,4
8.6788333135e-05,4000000,3.14132,32,1350,4
1.4694890162e-04,4000000,3.141131,33,1079,4
2.0287366329e-04,4000000,3.14223,34,1080,4
9.8468020624e-05,4000000,3.141902,35,593,4
2.1465112908e-04,4000000,3.142267,36,1130,4
2.4584549793e-04,4000000,3.142365,37,1317,4
1.4812836374e-06,4000000,3.141588,38,1354,4
1.4115900786e-05,4000000,3.141637,39,1299,4
3.8122497785e-04,4000000,3.140395,40,1200,4
1.1915816323e-04,4000000,3.141967,41,1099,4
8.7963794380e-05,4000000,3.141869,42,1277,4
1.0811509551e-04,4000000,3.141253,43,1217,4
1.0133280960e-04,4000000,3.141911,44,1320,4
6.7591961665e-05,4000000,3.141805,45,1287,4
4.0818353988e-04,4000000,3.142875,46,981,4
2.3916099032e-04,4000000,3.142344,47,1314,4
8.5515093590e-05,4000000,3.141324,48,1094,4
2.8149620518e-04,4000000,3.142477,49,1318,4
5.9891147752e-05,8000000,3.1414045,0,3064,8
1.2409196646e-04,8000000,3.1419825,1,3124,8
8.0642666998e-05,8000000,3.141846,2,3068,8
8.7046327205e-06,8000000,3.14162,3,3189,8
1.2196157556e-04,8000000,3.1412095,4,3145,8
8.6470023248e-05,8000000,3.141321,5,3087,8
4.8849140863e-06,8000000,3.141608,6,3104,8
3.5283508217e-05,8000000,3.1417035,7,3174,8
1.6123538402e-05,8000000,3.141542,8,3021,8
7.6982103307e-05,8000000,3.1418345,9,3015,8
1.3029900924e-04,8000000,3.142002,10,2895,8
1.6662379875e-05,8000000,3.141645,11,2969,8
1.8441168989e-04,8000000,3.142172,12,3161,8
2.8599000607e-05,8000000,3.1416825,13,1292,8
6.7333967594e-06,8000000,3.1415715,14,3036,8
6.2021538656e-05,8000000,3.1417875,15,3143,8
9.2995375915e-05,8000000,3.1413005,16,2738,8
3.5699596402e-05,8000000,3.1414805,17,2988,8
8.1120131827e-05,8000000,3.1418475,18,3073,8
9.0767206712e-05,8000000,3.1413075,19,3019,8
2.0153904710e-04,8000000,3.1409595,20,2702,8
3.4987145407e-04,8000000,3.1404935,21,3122,8
3.3851113729e-05,8000000,3.141699,22,3027,8
2.7156722206e-04,8000000,3.1407395,23,3096,8
8.6947488078e-05,8000000,3.1413195,24,2891,8
3.2287649038e-04,8000000,3.142607,25,2983,8
1.5327763686e-05,8000000,3.1415445,26,3126,8
2.9941933711e-04,8000000,3.140652,27,3094,8
1.3204971362e-04,8000000,3.1420075,28,2991,8
1.6938974860e-04,8000000,3.1410605,29,2983,8
9.1624358071e-05,8000000,3.1418805,30,3063,8
4.5370185361e-04,8000000,3.143018,31,3040,8
3.8271874899e-04,8000000,3.142795,32,3079,8
1.0891087022e-04,8000000,3.1412505,33,3054,8
6.6796186949e-05,8000000,3.1418025,34,2473,8
5.0721537697e-05,8000000,3.141752,35,3068,8
2.4403341691e-04,8000000,3.140826,36,2984,8
7.2722382326e-06,8000000,3.1416155,37,2893,8
8.8441259210e-05,8000000,3.1418705,38,3040,8
5.3010022716e-06,8000000,3.141576,39,3101,8
3.1084103053e-05,8000000,3.141495,40,3050,8
7.2722382326e-06,8000000,3.1416155,41,3075,8
1.2345534669e-04,8000000,3.1419805,42,2668,8
5.7883510136e-05,8000000,3.1417745,43,2241,8
2.6526240098e-04,8000000,3.142426,44,3161,8
3.0668014867e-05,8000000,3.141689,45,3117,8
2.1401450931e-04,8000000,3.142265,46,3277,8
2.3772859583e-04,8000000,3.1423395,47,3078,8
2.6138130571e-04,8000000,3.1407715,48,3129,8
2.2588975340e-04,8000000,3.140883,49,3080,8
1.0127143296e-04,16000000,3.1412745,0,6943,16
4.8889149633e-08,16000000,3.1415925,1,6831,16
3.6893258475e-05,16000000,3.14147675,2,7145,16
8.1774952427e-05,16000000,3.14133575,3,6524,16
1.5037073290e-04,16000000,3.14112025,4,6876,16
2.9890440979e-05,16000000,3.14149875,5,7124,16
1.5520675784e-04,16000000,3.14208025,6,6483,16
8.1657912472e-06,16000000,3.141567,7,7372,16
6.1323542240e-05,16000000,3.1414,8,7083,16
5.7326467835e-05,16000000,3.14177275,9,7137,16
1.2331439257e-04,16000000,3.14120525,10,6943,16
5.1418473284e-06,16000000,3.1415765,11,7318,16
1.3021943177e-04,16000000,3.14200175,12,6716,16
2.3187732542e-05,16000000,3.1416655,13,7334,16
2.1455228995e-05,16000000,3.14152525,14,7211,16
8.4082699102e-05,16000000,3.1413285,15,6990,16
3.4965198331e-05,16000000,3.1417025,16,7105,16
1.3891157700e-04,16000000,3.14115625,17,6958,16
1.3899115447e-04,16000000,3.141156,18,7163,16
9.7690446736e-05,16000000,3.14128575,19,6635,16
1.5442918395e-04,16000000,3.1411075,20,7557,16
5.7602662733e-06,16000000,3.14161075,21,6776,16
1.3558858485e-05,16000000,3.14163525,22,7192,16
1.8810971607e-05,16000000,3.14165175,23,7105,16
4.9546076451e-05,16000000,3.141437,24,7414,16
7.8891962624e-05,16000000,3.1418405,25,6931,16
7.3639849502e-05,16000000,3.141824,26,6939,16
8.3029991144e-05,16000000,3.1418535,27,6464,16
2.0836450883e-04,16000000,3.14224725,28,7067,16
3.9758047451e-05,16000000,3.14146775,29,7123,16
7.7679038895e-06,16000000,3.14156825,30,6362,16
7.3162384673e-05,16000000,3.1418225,31,6996,16
4.7379283892e-05,16000000,3.1417415,32,7015,16
5.5397346863e-06,16000000,3.14157525,33,7734,16
8.8539037509e-05,16000000,3.1413145,34,6900,16
1.5640041991e-04,16000000,3.142084,35,7386,16
6.3631288915e-05,16000000,3.14139275,36,7028,16
1.3984830583e-04,16000000,3.142032,37,7390,16
4.4453118272e-05,16000000,3.141453,38,7198,16
8.8759569096e-05,16000000,3.1418715,39,6869,16
1.4008703824e-04,16000000,3.14203275,40,6810,16
1.1629737511e-06,16000000,3.141589,41,6808,16
9.2915798444e-05,16000000,3.14130075,42,4384,16
5.6053228290e-05,16000000,3.14176875,43,6677,16
1.2632013567e-04,16000000,3.1419895,44,7077,16
8.3684811744e-05,16000000,3.14132975,45,7173,16
1.1446309241e-04,16000000,3.14195225,46,7345,16
1.7533985814e-04,16000000,3.1421435,47,7546,16
1.4344749288e-04,16000000,3.141142,48,6951,16
2.4689820589e-04,16000000,3.140817,49,7340,16
6.9718965488e-05,32000000,3.141373625,0,16571,32
2.4938436916e-05,32000000,3.141671,1,16756,32
2.4182450936e-05,32000000,3.141668625,2,17234,32
1.2560393842e-04,32000000,3.14198725,3,17266,32
6.7549846676e-06,32000000,3.141613875,4,16774,32
3.9182804323e-05,32000000,3.14171575,5,17013,32
2.9116254172e-05,32000000,3.141684125,6,15541,32
2.0221778186e-05,32000000,3.141529125,7,16826,32
4.9209565737e-05,32000000,3.14174725,8,16830,32
8.1018966448e-05,32000000,3.141338125,9,17224,32
5.7702767285e-05,32000000,3.141411375,10,15816,32
8.5138794140e-05,32000000,3.141860125,11,17282,32
1.8609701676e-06,32000000,3.1415985,12,17216,32
1.5964383459e-05,32000000,3.1415425,13,17200,32
8.3249461903e-06,32000000,3.1415665,14,15643,32
8.1796540335e-05,32000000,3.141849625,15,15572,32
8.1178121391e-05,32000000,3.141337625,16,17882,32
3.7450300776e-05,32000000,3.141475,17,18432,32
6.4846538896e-05,32000000,3.141796375,18,17004,32
3.0487272016e-05,32000000,3.141496875,19,17182,32
3.8267663400e-05,32000000,3.141712875,20,17116,32
6.2976468315e-05,32000000,3.1417905,21,16440,32
1.0990791487e-05,32000000,3.141558125,22,15530,32
3.7471888684e-05,32000000,3.141710375,23,16523,32
4.2543258955e-05,32000000,3.141459,24,15152,32
6.9917909167e-05,32000000,3.141373,25,15099,32
3.2078821447e-05,32000000,3.141491875,26,17477,32
1.1885805417e-04,32000000,3.14121925,27,18900,32
1.0897224687e-04,32000000,3.141935,28,15975,32
9.6019319834e-05,32000000,3.141291,29,17446,32
7.9090906303e-05,32000000,3.141841125,30,17341,32
1.2047119151e-04,32000000,3.141971125,31,18347,32
1.4303140469e-04,32000000,3.142042,32,17539,32
1.8691605399e-05,32000000,3.141651375,33,17694,32
2.3368834561e-04,32000000,3.1408585,34,16375,32
1.9545369678e-05,32000000,3.14153125,35,16660,32
2.6639468641e-04,32000000,3.14075575,36,17299,32
6.3750655122e-05,32000000,3.141392375,37,15145,32
1.3903094320e-04,32000000,3.141155875,38,14268,32
4.2525058128e-05,32000000,3.14172625,39,11641,32
3.4487733501e-05,32000000,3.141701,40,15230,32
2.4518961650e-05,32000000,3.141515625,41,15442,32
1.0672481601e-05,32000000,3.141559125,42,16029,32
1.8771182871e-05,32000000,3.141651625,43,15380,32
1.1472002565e-04,32000000,3.14123225,44,15972,32
1.4201509839e-04,32000000,3.1411465,45,15450,32
1.5566496101e-05,32000000,3.14154375,46,16564,32
1.0596650378e-04,32000000,3.14125975,47,17923,32
2.2433799270e-04,32000000,3.140887875,48,17622,32
3.5062976630e-05,32000000,3.1414825,49,16074,32
4.5328470459e-05,64000000,3.14145025,0,35890,64
2.2091848768e-05,64000000,3.14152325,1,38441,64
5.7644777721e-05,64000000,3.14177375,2,44476,64
4.7994315756e-05,64000000,3.141441875,3,41215,64
7.7000304135e-05,64000000,3.14135075,4,43214,64
2.7363223545e-06,64000000,3.14160125,5,36858,64
5.1338263101e-05,64000000,3.1417539375,6,36968,64
6.0984705273e-06,64000000,3.1416118125,7,39284,64
6.1920373277e-05,64000000,3.141398125,8,43789,64
2.1952588193e-05,64000000,3.1415236875,9,42284,64
3.6594842957e-05,64000000,3.1414776875,10,39240,64
9.6456995927e-05,64000000,3.141289625,11,41825,64
5.2909918164e-05,64000000,3.141758875,12,42633,64
1.1750523715e-04,64000000,3.1412235,13,42220,64
2.4838965076e-05,64000000,3.1416706875,14,41501,64
8.1475904197e-06,64000000,3.14161825,15,40857,64
6.6277239844e-05,64000000,3.1413844375,16,42735,64
1.7376820307e-04,64000000,3.1421385625,17,42854,64
6.3155517626e-05,64000000,3.1417910625,18,41390,64
8.6650766100e-05,64000000,3.141864875,19,39930,64
2.6587975910e-05,64000000,3.141509125,20,41143,64
8.7325481068e-05,64000000,3.1413183125,21,42540,64
1.1967309054e-05,64000000,3.14163025,22,42620,64
7.7537452067e-05,64000000,3.1413490625,23,39209,64
5.0640266685e-05,64000000,3.1414335625,24,33912,64
6.3951925054e-06,64000000,3.1415725625,25,43536,64
4.3875548892e-06,64000000,3.1416064375,26,44054,64
1.2699654417e-04,64000000,3.141991625,27,40492,64
2.9136148540e-05,64000000,3.1416841875,28,37368,64
7.3339740443e-05,64000000,3.14136225,29,43736,64
2.3046778426e-05,64000000,3.14152025,30,43783,64
6.2755936728e-05,64000000,3.1413955,31,43420,64
1.5801186371e-04,64000000,3.1420890625,32,38887,64
9.7372136850e-05,64000000,3.14128675,33,43360,64
7.1869250760e-05,64000000,3.1418184375,34,38954,64
1.3897062739e-05,64000000,3.1416363125,35,49263,64
1.4219414770e-04,64000000,3.1411459375,36,35032,64
1.1491896933e-04,64000000,3.141231625,37,42043,64
1.1066157460e-04,64000000,3.141245,38,44273,64
3.8524596642e-05,64000000,3.141471625,39,41053,64
4.3358928038e-05,64000000,3.1414564375,40,46650,64
4.3458399878e-05,64000000,3.141456125,41,41815,64
7.2645131108e-05,64000000,3.141820875,42,41912,64
6.0428295685e-05,64000000,3.1414028125,43,43951,64
1.5079020817e-04,64000000,3.142066375,44,36099,64
4.8491674953e-05,64000000,3.1414403125,45,41747,64
4.1648012400e-05,64000000,3.1414618125,46,40615,64
8.5835729729e-06,64000000,3.1415656875,47,39876,64
2.9452764886e-05,64000000,3.141500125,48,41373,64
1.3043826982e-04,64000000,3.1420024375,49,35809,64
