Error,Npoint,Pi,Nlance,tempsMilis,Nproc
2.0553914134e-04,15000000,3.1409469333333333,0,535,1
7.7111712595e-05,15000000,3.1413504,1,530,1
1.1692999402e-04,15000000,3.14196,2,552,1
6.8878096872e-05,15000000,3.1413762666666667,3,552,1
1.7813037481e-04,15000000,3.142152266666667,4,551,1
2.6436778714e-05,15000000,3.1415096,5,552,1
1.4536567719e-04,15000000,3.1420493333333335,6,550,1
2.2344937760e-04,15000000,3.1408906666666665,7,550,1
1.9994023350e-05,15000000,3.1416554666666667,8,553,1
4.4779753155e-05,15000000,3.1417333333333333,9,551,1
1.0461368676e-04,15000000,3.141264,10,551,1
4.2904010159e-05,15000000,3.141457866666667,11,552,1
7.0575749598e-05,15000000,3.1413709333333335,12,551,1
4.1885418524e-05,15000000,3.1414610666666665,13,551,1
1.3118529809e-05,15000000,3.1416338666666666,14,551,1
2.2718421360e-04,15000000,3.140878933333333,15,551,1
8.8239662948e-05,15000000,3.1418698666666667,16,550,1
1.6022013854e-04,15000000,3.142096,17,550,1
2.6564437285e-04,15000000,3.1424272,18,550,1
1.4051904192e-04,15000000,3.1411512,19,550,1
1.6080599200e-04,15000000,3.141087466666667,20,551,1
3.5188015251e-05,15000000,3.1417032,21,550,1
5.0891302969e-05,15000000,3.1417525333333334,22,550,1
3.5612428433e-05,15000000,3.1417045333333333,23,550,1
2.3787942578e-04,15000000,3.1408453333333335,24,551,1
1.5987228300e-04,15000000,3.1410904,25,548,1
1.4047259974e-06,15000000,3.141597066666667,26,549,1
1.5657018518e-04,15000000,3.142084533333333,27,549,1
3.9092616522e-05,15000000,3.1417154666666667,28,549,1
1.4747941810e-04,15000000,3.141129333333333,29,552,1
4.6893494066e-05,15000000,3.1414453333333334,30,549,1
5.4617813971e-05,15000000,3.1414210666666667,31,551,1
1.3967854056e-04,15000000,3.142031466666667,32,553,1
1.6310614818e-04,15000000,3.142105066666667,33,552,1
1.7268956109e-04,15000000,3.141050133333333,34,551,1
2.4118984859e-04,15000000,3.140834933333333,35,554,1
4.4431897613e-05,15000000,3.1414530666666667,36,556,1
6.4888612965e-05,15000000,3.1413888,37,549,1
1.5325478353e-05,15000000,3.1416408,38,550,1
1.5690971573e-04,15000000,3.1420856,39,550,1
7.2358284961e-05,15000000,3.1413653333333333,40,551,1
8.4929240132e-05,15000000,3.141859466666667,41,549,1
4.4779753155e-05,15000000,3.1417333333333333,42,551,1
1.3287960465e-04,15000000,3.1411752,43,550,1
1.3143659984e-04,15000000,3.1411797333333333,44,552,1
2.9292672902e-07,15000000,3.141591733333333,45,548,1
1.2099938173e-05,15000000,3.1416306666666665,46,550,1
1.6531309672e-04,15000000,3.142112,47,551,1
3.7895934617e-05,15000000,3.1414736,48,553,1
3.4415746528e-05,15000000,3.141484533333333,49,551,1
4.9999433200e-01,15000000,1.5708141333333334,0,279,2
4.9999454421e-01,15000000,1.5708134666666667,1,278,2
4.9990630871e-01,15000000,1.5710906666666666,2,280,2
4.9994794364e-01,15000000,1.5709598666666666,3,278,2
5.0008180356e-01,15000000,1.5705393333333333,4,280,2
4.9999594477e-01,15000000,1.5708090666666668,5,280,2
4.9999496862e-01,15000000,1.5708121333333334,6,277,2
5.0002556881e-01,15000000,1.570716,7,280,2
5.0006627004e-01,15000000,1.5705881333333334,8,279,2
5.0009024938e-01,15000000,1.5705128,9,280,2
5.0003600938e-01,15000000,1.5706832,10,278,2
4.9998045369e-01,15000000,1.5708577333333333,11,279,2
4.9993342871e-01,15000000,1.5710054666666666,12,277,2
5.0004687435e-01,15000000,1.5706490666666666,13,281,2
4.9988716767e-01,15000000,1.5711508,14,281,2
5.0005964919e-01,15000000,1.5706089333333333,15,279,2
5.0000337200e-01,15000000,1.5707857333333333,16,279,2
4.9994904712e-01,15000000,1.5709564,17,281,2
5.0005659342e-01,15000000,1.5706185333333333,18,283,2
4.9998605595e-01,15000000,1.5708401333333333,19,278,2
4.9984986176e-01,15000000,1.571268,20,280,2
4.9988602176e-01,15000000,1.5711544,21,280,2
4.9996827303e-01,15000000,1.570896,22,282,2
5.0009525746e-01,15000000,1.5704970666666667,23,278,2
4.9998338214e-01,15000000,1.5708485333333333,24,279,2
5.0005222196e-01,15000000,1.5706322666666668,25,278,2
5.0001992412e-01,15000000,1.5707337333333333,26,276,2
4.9987371378e-01,15000000,1.5711930666666667,27,279,2
5.0013421859e-01,15000000,1.5703746666666667,28,276,2
4.9992481312e-01,15000000,1.5710325333333333,29,282,2
4.9996483529e-01,15000000,1.5709068,30,277,2
4.9997294158e-01,15000000,1.5708813333333334,31,278,2
4.9993423510e-01,15000000,1.5710029333333333,32,281,2
4.9994853782e-01,15000000,1.570958,33,280,2
4.9995486158e-01,15000000,1.5709381333333334,34,280,2
5.0007314553e-01,15000000,1.5705665333333334,35,277,2
5.0004347905e-01,15000000,1.5706597333333334,36,281,2
4.9993512636e-01,15000000,1.5710001333333334,37,279,2
4.9995524355e-01,15000000,1.5709369333333334,38,280,2
5.0013162967e-01,15000000,1.5703828,39,277,2
4.9991564580e-01,15000000,1.5710613333333334,40,281,2
5.0005867304e-01,15000000,1.570612,41,279,2
4.9990427153e-01,15000000,1.5710970666666666,42,279,2
4.9998058102e-01,15000000,1.5708573333333333,43,280,2
5.0004424299e-01,15000000,1.5706573333333333,44,276,2
4.9994785876e-01,15000000,1.5709601333333334,45,279,2
5.0002208862e-01,15000000,1.5707269333333334,46,278,2
4.9985873199e-01,15000000,1.5712401333333332,47,280,2
4.9994234139e-01,15000000,1.5709774666666667,48,278,2
5.0009135286e-01,15000000,1.5705093333333333,49,283,2
7.5001804713e-01,15000000,0.7853414666666667,0,142,4
7.4998664055e-01,15000000,0.7854401333333333,1,142,4
7.4995527642e-01,15000000,0.7855386666666667,2,142,4
7.5001045013e-01,15000000,0.7853653333333334,3,141,4
7.4997921332e-01,15000000,0.7854634666666667,4,142,4
7.5001424863e-01,15000000,0.7853534,5,140,4
7.4999472563e-01,15000000,0.7854147333333333,6,142,4
7.4998122929e-01,15000000,0.7854571333333333,7,142,4
7.4996667191e-01,15000000,0.7855028666666667,8,142,4
7.4996650215e-01,15000000,0.7855034,9,142,4
7.5003014291e-01,15000000,0.7853034666666666,10,142,4
7.5000887981e-01,15000000,0.7853702666666666,11,142,4
7.5000883736e-01,15000000,0.7853704,12,142,4
7.5005170310e-01,15000000,0.7852357333333333,13,142,4
7.5000117671e-01,15000000,0.7853944666666667,14,141,4
7.5000584525e-01,15000000,0.7853798,15,142,4
7.5003224375e-01,15000000,0.7852968666666666,16,141,4
7.5003290159e-01,15000000,0.7852948,17,142,4
7.5007116244e-01,15000000,0.7851746,18,148,4
7.4995729238e-01,15000000,0.7855323333333334,19,141,4
7.4998358478e-01,15000000,0.7854497333333333,20,142,4
7.4995784412e-01,15000000,0.7855306,21,140,4
7.4998201445e-01,15000000,0.7854546666666666,22,142,4
7.4994899511e-01,15000000,0.7855584,23,144,4
7.4997600900e-01,15000000,0.7854735333333334,24,142,4
7.5000548450e-01,15000000,0.7853809333333334,25,142,4
7.4999557445e-01,15000000,0.7854120666666666,26,143,4
7.4996762684e-01,15000000,0.7854998666666667,27,142,4
7.4993713276e-01,15000000,0.7855956666666667,28,140,4
7.4996601407e-01,15000000,0.7855049333333334,29,141,4
7.5000117671e-01,15000000,0.7853944666666667,30,141,4
7.5000378685e-01,15000000,0.7853862666666667,31,142,4
7.5004049859e-01,15000000,0.7852709333333333,32,141,4
7.5003763380e-01,15000000,0.7852799333333333,33,143,4
7.5002417990e-01,15000000,0.7853222,34,140,4
7.4998661933e-01,15000000,0.7854402,35,143,4
7.4992781689e-01,15000000,0.7856249333333334,36,142,4
7.5004667380e-01,15000000,0.7852515333333333,37,142,4
7.4998059267e-01,15000000,0.7854591333333333,38,142,4
7.5000077351e-01,15000000,0.7853957333333333,39,140,4
7.5002241859e-01,15000000,0.7853277333333334,40,143,4
7.4998995098e-01,15000000,0.7854297333333333,41,141,4
7.4995567961e-01,15000000,0.7855374,42,141,4
7.4996575943e-01,15000000,0.7855057333333333,43,142,4
7.5000331999e-01,15000000,0.7853877333333333,44,143,4
7.4998725595e-01,15000000,0.7854382,45,141,4
7.4996641727e-01,15000000,0.7855036666666667,46,141,4
7.5006855230e-01,15000000,0.7851828,47,143,4
7.5001042891e-01,15000000,0.7853654,48,142,4
7.5002392525e-01,15000000,0.785323,49,142,4
8.7499372347e-01,15000000,0.3927188,0,139,8
8.7495849718e-01,15000000,0.3928294666666667,1,139,8
8.7501988854e-01,15000000,0.3926366,2,110,8
8.7497277868e-01,15000000,0.3927846,3,141,8
8.7499580309e-01,15000000,0.39271226666666664,4,134,8
8.7501427568e-01,15000000,0.3926542333333333,5,143,8
8.7497996187e-01,15000000,0.3927620333333333,6,136,8
8.7498159586e-01,15000000,0.3927569,7,136,8
8.7499341577e-01,15000000,0.3927197666666667,8,136,8
8.7498109718e-01,15000000,0.39275846666666664,9,142,8
8.7499251389e-01,15000000,0.3927226,10,111,8
8.7501235521e-01,15000000,0.39266026666666665,11,142,8
8.7499863605e-01,15000000,0.39270336666666666,12,116,8
8.7503453080e-01,15000000,0.3925906,13,143,8
8.7499338394e-01,15000000,0.39271986666666664,14,143,8
8.7502266845e-01,15000000,0.39262786666666666,15,141,8
8.7498480018e-01,15000000,0.3927468333333333,16,137,8
8.7499652460e-01,15000000,0.39271,17,142,8
8.7502938479e-01,15000000,0.39260676666666666,18,136,8
8.7501598394e-01,15000000,0.39264886666666665,19,114,8
8.7497423229e-01,15000000,0.39278003333333333,20,135,8
8.7500738957e-01,15000000,0.39267586666666665,21,141,8
8.7500668929e-01,15000000,0.39267806666666666,22,104,8
8.7496626394e-01,15000000,0.39280506666666665,23,139,8
8.7499688535e-01,15000000,0.39270886666666666,24,112,8
8.7499826469e-01,15000000,0.3927045333333333,25,135,8
8.7500588291e-01,15000000,0.3926806,26,142,8
8.7499159079e-01,15000000,0.3927255,27,136,8
8.7500701821e-01,15000000,0.3926770333333333,28,113,8
8.7502287005e-01,15000000,0.3926272333333333,29,135,8
8.7498227492e-01,15000000,0.39275476666666664,30,112,8
8.7500806864e-01,15000000,0.39267373333333333,31,141,8
8.7501578234e-01,15000000,0.3926495,32,141,8
8.7502578789e-01,15000000,0.39261806666666665,33,136,8
8.7498212638e-01,15000000,0.39275523333333334,34,110,8
8.7498699652e-01,15000000,0.39273993333333335,35,141,8
8.7501471070e-01,15000000,0.39265286666666666,36,137,8
8.7500255126e-01,15000000,0.39269106666666664,37,107,8
8.7499442375e-01,15000000,0.3927166,38,144,8
8.7498796206e-01,15000000,0.3927369,39,138,8
8.7499083746e-01,15000000,0.39272786666666665,40,110,8
8.7500987239e-01,15000000,0.39266806666666665,41,142,8
8.7501648263e-01,15000000,0.3926473,42,115,8
8.7500902356e-01,15000000,0.39267073333333335,43,140,8
8.7498734666e-01,15000000,0.3927388333333333,44,142,8
8.7501937925e-01,15000000,0.3926382,45,136,8
8.7500150084e-01,15000000,0.3926943666666667,46,111,8
8.7497637558e-01,15000000,0.3927733,47,140,8
8.7501003155e-01,15000000,0.3926675666666667,48,146,8
8.7499354309e-01,15000000,0.3927193666666667,49,135,8
9.3749698375e-01,15000000,0.19635901666666666,0,108,16
9.3749539751e-01,15000000,0.196364,1,100,16
9.3749371577e-01,15000000,0.19636928333333334,2,111,16
9.3749274493e-01,15000000,0.19637233333333334,3,107,16
9.3748605511e-01,15000000,0.19639335,4,113,16
9.3750593357e-01,15000000,0.1963309,5,108,16
9.3750904239e-01,15000000,0.19632113333333334,6,110,16
9.3749729145e-01,15000000,0.19635805,7,107,16
9.3749616676e-01,15000000,0.19636158333333334,8,110,16
9.3750482479e-01,15000000,0.19633438333333333,9,108,16
9.3749465479e-01,15000000,0.19636633333333334,10,107,16
9.3749166267e-01,15000000,0.19637573333333333,11,106,16
9.3749631530e-01,15000000,0.19636111666666667,12,109,16
9.3750208732e-01,15000000,0.19634298333333333,13,102,16
9.3750195469e-01,15000000,0.1963434,14,107,16
9.3750106343e-01,15000000,0.1963462,15,107,16
9.3750770019e-01,15000000,0.19632535,16,110,16
9.3750283005e-01,15000000,0.19634065,17,108,16
9.3749811906e-01,15000000,0.19635545,18,110,16
9.3749250619e-01,15000000,0.19637308333333334,19,109,16
9.3749915887e-01,15000000,0.19635218333333335,20,110,16
9.3749512695e-01,15000000,0.19636485,21,107,16
9.3749806601e-01,15000000,0.19635561666666668,22,110,16
9.3749308446e-01,15000000,0.19637126666666666,23,107,16
9.3751512742e-01,15000000,0.19630201666666666,24,108,16
9.3750543488e-01,15000000,0.19633246666666668,25,106,16
9.3750247990e-01,15000000,0.19634175,26,112,16
9.3751407169e-01,15000000,0.19630533333333333,27,110,16
9.3749635774e-01,15000000,0.19636098333333332,28,109,16
9.3749960451e-01,15000000,0.19635078333333333,29,106,16
9.3750218812e-01,15000000,0.19634266666666667,30,110,16
9.3749677685e-01,15000000,0.19635966666666665,31,109,16
9.3749730737e-01,15000000,0.196358,32,111,16
9.3749790155e-01,15000000,0.19635613333333332,33,107,16
9.3750441098e-01,15000000,0.19633568333333334,34,108,16
9.3750166821e-01,15000000,0.1963443,35,107,16
9.3748354047e-01,15000000,0.19640125,36,112,16
9.3749945066e-01,15000000,0.19635126666666666,37,107,16
9.3749475028e-01,15000000,0.19636603333333333,38,111,16
9.3747836793e-01,15000000,0.1964175,39,107,16
9.3749801826e-01,15000000,0.19635576666666665,40,111,16
9.3748467577e-01,15000000,0.19639768333333332,41,106,16
9.3749279798e-01,15000000,0.19637216666666665,42,110,16
9.3750697338e-01,15000000,0.19632763333333333,43,107,16
9.3748978465e-01,15000000,0.19638163333333333,44,102,16
9.3750558873e-01,15000000,0.19633198333333332,45,110,16
9.3750163108e-01,15000000,0.19634441666666666,46,109,16
9.3748545033e-01,15000000,0.19639525,47,106,16
9.3749806601e-01,15000000,0.19635561666666668,48,110,16
9.3751024667e-01,15000000,0.19631735,49,107,16
9.6875013383e-01,15000000,0.09817435,0,108,32
9.6875243361e-01,15000000,0.098167125,1,108,32
9.6874972798e-01,15000000,0.098175625,2,112,32
9.6875075188e-01,15000000,0.09817240833333334,3,107,32
9.6875039113e-01,15000000,0.09817354166666667,4,112,32
9.6874988183e-01,15000000,0.09817514166666666,5,107,32
9.6874416817e-01,15000000,0.09819309166666666,6,109,32
9.6875220019e-01,15000000,0.09816785833333333,7,106,32
9.6875574404e-01,15000000,0.098156725,8,109,32
9.6875065373e-01,15000000,0.09817271666666667,9,107,32
9.6875385275e-01,15000000,0.09816266666666666,10,109,32
9.6875653451e-01,15000000,0.09815424166666667,11,106,32
9.6875404904e-01,15000000,0.09816205,12,109,32
9.6875184474e-01,15000000,0.098168975,13,108,32
9.6875434613e-01,15000000,0.09816111666666667,14,110,32
9.6875208082e-01,15000000,0.09816823333333333,15,108,32
9.6874994549e-01,15000000,0.09817494166666667,16,109,32
9.6875397742e-01,15000000,0.098162275,17,106,32
9.6875111528e-01,15000000,0.09817126666666667,18,111,32
9.6875354505e-01,15000000,0.09816363333333333,19,107,32
9.6875524535e-01,15000000,0.09815829166666666,20,108,32
9.6874813113e-01,15000000,0.09818064166666667,21,109,32
9.6875005160e-01,15000000,0.09817460833333333,22,110,32
9.6874382598e-01,15000000,0.09819416666666667,23,107,32
9.6874985530e-01,15000000,0.098175225,24,109,32
9.6874558465e-01,15000000,0.09818864166666667,25,107,32
9.6874936988e-01,15000000,0.09817675,26,110,32
9.6875142033e-01,15000000,0.09817030833333333,27,108,32
9.6874583399e-01,15000000,0.09818785833333334,28,109,32
9.6874713641e-01,15000000,0.09818376666666667,29,107,32
9.6874870939e-01,15000000,0.098178825,30,109,32
9.6875397742e-01,15000000,0.098162275,31,108,32
9.6874494537e-01,15000000,0.09819065,32,110,32
9.6874165087e-01,15000000,0.098201,33,108,32
9.6875614192e-01,15000000,0.098155475,34,109,32
9.6875051314e-01,15000000,0.09817315833333333,35,107,32
9.6875182617e-01,15000000,0.09816903333333334,36,111,32
9.6875129300e-01,15000000,0.09817070833333333,37,108,32
9.6874270394e-01,15000000,0.09819769166666667,38,109,32
9.6874904627e-01,15000000,0.09817776666666667,39,108,32
9.6875260073e-01,15000000,0.0981666,40,112,32
9.6875091103e-01,15000000,0.09817190833333334,41,116,32
9.6875208347e-01,15000000,0.098168225,42,111,32
9.6875051845e-01,15000000,0.09817314166666667,43,106,32
9.6875100652e-01,15000000,0.09817160833333333,44,108,32
9.6874699052e-01,15000000,0.098184225,45,107,32
9.6875271479e-01,15000000,0.09816624166666667,46,110,32
9.6875136197e-01,15000000,0.09817049166666666,47,107,32
9.6874803033e-01,15000000,0.09818095833333333,48,108,32
9.6875501988e-01,15000000,0.098159,49,108,32
9.8437373001e-01,15000000,0.049091375,0,108,64
9.8437790518e-01,15000000,0.04907825833333333,1,101,64
9.8438027791e-01,15000000,0.04907080416666667,2,104,64
9.8437372338e-01,15000000,0.049091395833333336,3,102,64
9.8437226579e-01,15000000,0.049095975,4,105,64
9.8437113181e-01,15000000,0.0490995375,5,104,64
9.8437446345e-01,15000000,0.04908907083333333,6,114,64
9.8437742373e-01,15000000,0.049079770833333335,7,101,64
9.8437466107e-01,15000000,0.04908845,8,105,64
9.8437870095e-01,15000000,0.04907575833333333,9,112,64
9.8437366900e-01,15000000,0.04909156666666667,10,103,64
9.8437684547e-01,15000000,0.0490815875,11,100,64
9.8437527514e-01,15000000,0.049086520833333334,12,103,64
9.8437391304e-01,15000000,0.0490908,13,103,64
9.8437602317e-01,15000000,0.049084170833333336,14,101,64
9.8437783356e-01,15000000,0.04907848333333333,15,119,64
9.8437372073e-01,15000000,0.049091404166666665,16,105,64
9.8437604969e-01,15000000,0.0490840875,17,101,64
9.8437230160e-01,15000000,0.0490958625,18,115,64
9.8437524198e-01,15000000,0.049086625,19,100,64
9.8437734681e-01,15000000,0.0490800125,20,103,64
9.8437289577e-01,15000000,0.049093995833333334,21,100,64
9.8437785743e-01,15000000,0.04907840833333333,22,105,64
9.8437477911e-01,15000000,0.049088079166666666,23,105,64
9.8437526453e-01,15000000,0.049086554166666664,24,100,64
9.8437659613e-01,15000000,0.04908237083333333,25,103,64
9.8437481226e-01,15000000,0.049087975,26,105,64
9.8437365839e-01,15000000,0.0490916,27,104,64
9.8437807892e-01,15000000,0.0490777125,28,103,64
9.8437565579e-01,15000000,0.049085325,29,103,64
9.8437549663e-01,15000000,0.049085825,30,107,64
9.8437729641e-01,15000000,0.04908017083333333,31,102,64
9.8437647013e-01,15000000,0.049082766666666666,32,102,64
9.8437167824e-01,15000000,0.04909782083333333,33,104,64
9.8437387060e-01,15000000,0.049090933333333336,34,107,64
9.8437537726e-01,15000000,0.0490862,35,125,64
9.8437222865e-01,15000000,0.04909609166666667,36,105,64
9.8437242096e-01,15000000,0.0490954875,37,103,64
9.8437484410e-01,15000000,0.049087875,38,108,64
9.8437869167e-01,15000000,0.0490757875,39,119,64
9.8437441968e-01,15000000,0.049089208333333335,40,106,64
9.8437458812e-01,15000000,0.04908867916666667,41,102,64
9.8437200451e-01,15000000,0.04909679583333333,42,102,64
9.8438061346e-01,15000000,0.04906975,43,103,64
9.8437419687e-01,15000000,0.049089908333333335,44,101,64
9.8437344353e-01,15000000,0.049092275,45,101,64
9.8437503641e-01,15000000,0.049087270833333335,46,107,64
9.8437630965e-01,15000000,0.04908327083333333,47,103,64
9.8437481757e-01,15000000,0.049087958333333334,48,101,64
9.8437583881e-01,15000000,0.04908475,49,99,64
3.4143624208e-04,1000000,3.14052,0,39,1
4.7385315473e-04,1000000,3.140104,1,37,1
7.5329177232e-05,1000000,3.141356,2,37,1
7.2553849641e-04,1000000,3.143872,3,37,1
1.8059197126e-04,1000000,3.14216,4,36,1
2.8414046257e-04,1000000,3.1407,5,37,1
8.6372244949e-05,1000000,3.141864,6,37,1
3.2446803981e-04,1000000,3.142612,7,38,1
3.9262381794e-05,1000000,3.141716,8,36,1
7.6882864093e-04,1000000,3.144008,9,36,1
8.5540892997e-04,1000000,3.14428,10,38,1
1.1311027539e-04,1000000,3.141948,11,37,1
2.7226521848e-04,1000000,3.142448,12,36,1
2.6886158803e-04,1000000,3.140748,13,38,1
3.6648494479e-04,1000000,3.142744,14,37,1
6.3300809783e-04,1000000,3.139604,15,37,1
9.3562302129e-04,1000000,3.144532,16,38,1
6.3453933144e-05,1000000,3.141792,17,38,1
2.2175172488e-04,1000000,3.140896,18,37,1
6.3004553055e-04,1000000,3.143572,19,37,1
4.2123424521e-04,1000000,3.142916,20,36,1
1.8100805945e-04,1000000,3.141024,21,37,1
2.2642859487e-04,1000000,3.142304,22,37,1
1.3557920711e-03,1000000,3.145852,23,38,1
5.6230584061e-05,1000000,3.141416,24,37,1
1.8864749671e-04,1000000,3.141,25,37,1
3.9363906342e-04,1000000,3.140356,26,36,1
6.2495257237e-04,1000000,3.143556,27,37,1
4.1486804749e-04,1000000,3.142896,28,36,1
2.1283904806e-04,1000000,3.140924,29,37,1
6.5337993054e-04,1000000,3.13954,30,36,1
4.3947568703e-04,1000000,3.140212,31,36,1
4.7767287337e-04,1000000,3.140092,32,38,1
7.1509458598e-05,1000000,3.141368,33,37,1
7.5269261503e-04,1000000,3.139228,34,37,1
1.7617309534e-05,1000000,3.141648,35,37,1
1.4917707083e-04,1000000,3.141124,36,37,1
1.2243904039e-04,1000000,3.141208,37,37,1
8.6983065315e-04,1000000,3.13886,38,37,1
1.2202295220e-04,1000000,3.141976,39,37,1
5.9990386966e-04,1000000,3.139708,40,36,1
5.2054692970e-04,1000000,3.143228,41,37,1
2.1437028168e-05,1000000,3.14166,42,37,1
8.2552526315e-05,1000000,3.141852,43,37,1
5.5024752742e-04,1000000,3.139864,44,37,1
2.4934690668e-04,1000000,3.142376,45,37,1
4.2760044294e-04,1000000,3.142936,46,37,1
2.3406803214e-04,1000000,3.142328,47,37,1
3.7412438206e-04,1000000,3.142768,48,38,1
4.1614128704e-04,1000000,3.1429,49,37,1
4.9972126456e-01,2000000,1.571672,0,38,2
4.9982248711e-01,2000000,1.571354,1,37,2
4.9989824486e-01,2000000,1.571116,2,36,2
5.0021687305e-01,2000000,1.570115,3,37,2
5.0045019420e-01,2000000,1.569382,4,39,2
4.9985686457e-01,2000000,1.571246,5,37,2
4.9996668148e-01,2000000,1.570901,6,38,2
5.0012710967e-01,2000000,1.570397,7,37,2
4.9999437444e-01,2000000,1.570814,8,38,2
5.0009464206e-01,2000000,1.570499,9,37,2
5.0022705897e-01,2000000,1.570083,10,38,2
4.9996318008e-01,2000000,1.570912,11,37,2
5.0004816881e-01,2000000,1.570645,12,36,2
5.0001952093e-01,2000000,1.570735,13,36,2
4.9957261384e-01,2000000,1.572139,14,37,2
5.0020796038e-01,2000000,1.570143,15,38,2
5.0001697445e-01,2000000,1.570743,16,39,2
5.0013729558e-01,2000000,1.570365,17,38,2
5.0008795755e-01,2000000,1.57052,18,37,2
4.9975182231e-01,2000000,1.571576,19,37,2
4.9950736032e-01,2000000,1.572344,20,37,2
5.0012551812e-01,2000000,1.570402,21,36,2
4.9989760824e-01,2000000,1.571118,22,37,2
5.0000933501e-01,2000000,1.570767,23,38,2
4.9982057725e-01,2000000,1.57136,24,38,2
4.9997081951e-01,2000000,1.570888,25,38,2
5.0013443079e-01,2000000,1.570374,26,36,2
4.9996158853e-01,2000000,1.570917,27,38,2
4.9983426457e-01,2000000,1.571317,28,37,2
5.0007649839e-01,2000000,1.570556,29,39,2
4.9984763359e-01,2000000,1.571275,30,37,2
5.0014175192e-01,2000000,1.570351,31,38,2
5.0037220828e-01,2000000,1.569627,32,36,2
4.9969548146e-01,2000000,1.571753,33,38,2
5.0025602517e-01,2000000,1.569992,34,38,2
4.9995076599e-01,2000000,1.570951,35,37,2
4.9983108147e-01,2000000,1.571327,36,37,2
5.0010705614e-01,2000000,1.57046,37,37,2
4.9986036598e-01,2000000,1.571235,38,38,2
5.0007204206e-01,2000000,1.57057,39,38,2
4.9988201105e-01,2000000,1.571167,40,38,2
4.9993389557e-01,2000000,1.571004,41,38,2
4.9972763076e-01,2000000,1.571652,42,38,2
5.0015002798e-01,2000000,1.570325,43,38,2
4.9984413218e-01,2000000,1.571286,44,37,2
5.0008827586e-01,2000000,1.570519,45,38,2
4.9990492937e-01,2000000,1.571095,46,37,2
4.9996158853e-01,2000000,1.570917,47,38,2
4.9989856317e-01,2000000,1.571115,48,37,2
4.9998609839e-01,2000000,1.57084,49,38,2
7.5005806399e-01,4000000,0.78521575,0,38,4
7.4998954778e-01,4000000,0.785431,1,38,4
7.4992747736e-01,4000000,0.785626,2,39,4
7.4996503792e-01,4000000,0.785508,3,37,4
7.4996113863e-01,4000000,0.78552025,4,38,4
7.4996487877e-01,4000000,0.7855085,5,38,4
7.5002655131e-01,4000000,0.78531475,6,37,4
7.4999885835e-01,4000000,0.78540175,7,38,4
7.5005663159e-01,4000000,0.78522025,8,38,4
7.4997259778e-01,4000000,0.78548425,9,38,4
7.5006737455e-01,4000000,0.7851865,10,38,4
7.4996177525e-01,4000000,0.78551825,11,38,4
7.5004214849e-01,4000000,0.78526575,12,38,4
7.4994347243e-01,4000000,0.78557575,13,39,4
7.4999973370e-01,4000000,0.785399,14,38,4
7.5008949709e-01,4000000,0.785117,15,38,4
7.5005941680e-01,4000000,0.7852115,16,38,4
7.5001843441e-01,4000000,0.78534025,17,38,4
7.4987646820e-01,4000000,0.78578625,18,38,4
7.5009092948e-01,4000000,0.7851125,19,38,4
7.4999336750e-01,4000000,0.785419,20,38,4
7.5002424356e-01,4000000,0.785322,21,37,4
7.5003602103e-01,4000000,0.785285,22,37,4
7.5003220131e-01,4000000,0.785297,23,38,4
7.5003689638e-01,4000000,0.78528225,24,38,4
7.4985124214e-01,4000000,0.7858655,25,38,4
7.4993806116e-01,4000000,0.78559275,26,38,4
7.5002042384e-01,4000000,0.785334,27,37,4
7.5002281117e-01,4000000,0.7853265,28,38,4
7.4999814215e-01,4000000,0.785404,29,38,4
7.5000506539e-01,4000000,0.78538225,30,38,4
7.4997426891e-01,4000000,0.785479,31,38,4
7.4994991820e-01,4000000,0.7855555,32,38,4
7.4991227806e-01,4000000,0.78567375,33,38,4
7.5004716187e-01,4000000,0.78525,34,38,4
7.5003108722e-01,4000000,0.7853005,35,38,4
7.5001413722e-01,4000000,0.78535375,36,38,4
7.5005313018e-01,4000000,0.78523125,37,37,4
7.5011520061e-01,4000000,0.78503625,38,38,4
7.5004310342e-01,4000000,0.78526275,39,38,4
7.4995787595e-01,4000000,0.7855305,40,37,4
7.4989898862e-01,4000000,0.7857155,41,39,4
7.5005233441e-01,4000000,0.78523375,42,40,4
7.5006968230e-01,4000000,0.78517925,43,38,4
7.5003840835e-01,4000000,0.7852775,44,38,4
7.5004946962e-01,4000000,0.78524275,45,38,4
7.4991482454e-01,4000000,0.78566575,46,38,4
7.4990662806e-01,4000000,0.7856915,47,37,4
7.4993257032e-01,4000000,0.78561,48,38,4
7.4997291609e-01,4000000,0.78548325,49,38,4
8.7499845435e-01,8000000,0.3927039375,0,74,8
8.7500911773e-01,8000000,0.3926704375,1,75,8
8.7500255259e-01,8000000,0.3926910625,2,75,8
8.7498544343e-01,8000000,0.3927448125,3,74,8
8.7501968164e-01,8000000,0.39263725,4,75,8
8.7495460716e-01,8000000,0.3928416875,5,74,8
8.7498106667e-01,8000000,0.3927585625,6,72,8
8.7499238657e-01,8000000,0.392723,7,75,8
8.7498050963e-01,8000000,0.3927603125,8,76,8
8.7498938252e-01,8000000,0.3927324375,9,76,8
8.7502383956e-01,8000000,0.3926241875,10,75,8
8.7503440347e-01,8000000,0.392591,11,75,8
8.7500446245e-01,8000000,0.3926850625,12,77,8
8.7501801051e-01,8000000,0.3926425,13,75,8
8.7498440893e-01,8000000,0.3927480625,14,74,8
8.7499391843e-01,8000000,0.3927181875,15,76,8
8.7501598129e-01,8000000,0.392648875,16,75,8
8.7497633181e-01,8000000,0.3927734375,17,76,8
8.7501848798e-01,8000000,0.392641,18,75,8
8.7504248059e-01,8000000,0.392565625,19,75,8
8.7496664326e-01,8000000,0.392803875,20,75,8
8.7501405153e-01,8000000,0.3926549375,21,75,8
8.7501053023e-01,8000000,0.392666,22,75,8
8.7499529115e-01,8000000,0.392713875,23,75,8
8.7500119977e-01,8000000,0.3926953125,24,76,8
8.7500824238e-01,8000000,0.3926731875,25,74,8
8.7501011245e-01,8000000,0.3926673125,26,75,8
8.7499071544e-01,8000000,0.39272825,27,77,8
8.7496574801e-01,8000000,0.3928066875,28,75,8
8.7502278516e-01,8000000,0.3926275,29,75,8
8.7500977425e-01,8000000,0.392668375,30,73,8
8.7495894414e-01,8000000,0.3928280625,31,75,8
8.7500987372e-01,8000000,0.3926680625,32,74,8
8.7501007266e-01,8000000,0.3926674375,33,76,8
8.7501134590e-01,8000000,0.3926634375,34,77,8
8.7498848727e-01,8000000,0.39273525,35,75,8
8.7495484590e-01,8000000,0.3928409375,36,76,8
8.7497103991e-01,8000000,0.3927900625,37,76,8
8.7497983322e-01,8000000,0.3927624375,38,75,8
8.7498673657e-01,8000000,0.39274075,39,72,8
8.7500370646e-01,8000000,0.3926874375,40,75,8
8.7502493375e-01,8000000,0.39262075,41,77,8
8.7502155171e-01,8000000,0.392631375,42,74,8
8.7498512512e-01,8000000,0.3927458125,43,75,8
8.7498512512e-01,8000000,0.3927458125,44,75,8
8.7502539132e-01,8000000,0.3926193125,45,73,8
8.7496759819e-01,8000000,0.392800875,46,75,8
8.7500581527e-01,8000000,0.3926808125,47,75,8
8.7503973516e-01,8000000,0.39257425,48,71,8
8.7503889960e-01,8000000,0.392576875,49,76,8
9.3750967172e-01,16000000,0.19631915625,0,114,16
9.3750390235e-01,16000000,0.19633728125,1,116,16
9.3750086349e-01,16000000,0.196346828125,2,113,16
9.3749833193e-01,16000000,0.19635478125,3,116,16
9.3750590671e-01,16000000,0.196330984375,4,114,16
9.3749238351e-01,16000000,0.19637346875,5,116,16
9.3749484047e-01,16000000,0.19636575,6,113,16
9.3749387062e-01,16000000,0.196368796875,7,109,16
9.3750627476e-01,16000000,0.196329828125,8,113,16
9.3748488334e-01,16000000,0.19639703125,9,116,16
9.3751034813e-01,16000000,0.19631703125,10,112,16
9.3750305684e-01,16000000,0.1963399375,11,121,16
9.3751172084e-01,16000000,0.19631271875,12,114,16
9.3750438479e-01,16000000,0.196335765625,13,114,16
9.3750296732e-01,16000000,0.19634021875,14,112,16
9.3750758778e-01,16000000,0.196325703125,15,120,16
9.3750230583e-01,16000000,0.196342296875,16,113,16
9.3748114817e-01,16000000,0.196408765625,17,114,16
9.3751038792e-01,16000000,0.19631690625,18,119,16
9.3749186626e-01,16000000,0.19637509375,19,116,16
9.3750293250e-01,16000000,0.196340328125,20,118,16
9.3749875966e-01,16000000,0.1963534375,21,116,16
9.3750843827e-01,16000000,0.19632303125,22,112,16
9.3750376309e-01,16000000,0.19633771875,23,115,16
9.3751189989e-01,16000000,0.19631215625,24,114,16
9.3750870684e-01,16000000,0.1963221875,25,120,16
9.3748887216e-01,16000000,0.1963845,26,112,16
9.3750121164e-01,16000000,0.196345734375,27,117,16
9.3749757594e-01,16000000,0.19635715625,28,114,16
9.3750679698e-01,16000000,0.1963281875,29,118,16
9.3750443453e-01,16000000,0.196335609375,30,112,16
9.3750109725e-01,16000000,0.19634609375,31,121,16
9.3750783646e-01,16000000,0.196324921875,32,116,16
9.3749884421e-01,16000000,0.196353171875,33,117,16
9.3750051534e-01,16000000,0.196347921875,34,113,16
9.3749989364e-01,16000000,0.196349875,35,115,16
9.3750112709e-01,16000000,0.196346,36,112,16
9.3750932357e-01,16000000,0.19632025,37,120,16
9.3749873479e-01,16000000,0.196353515625,38,113,16
9.3750672735e-01,16000000,0.19632840625,39,113,16
9.3749447242e-01,16000000,0.19636690625,40,112,16
9.3748916063e-01,16000000,0.19638359375,41,119,16
9.3749982401e-01,16000000,0.19635009375,42,113,16
9.3749614852e-01,16000000,0.196361640625,43,119,16
9.3750065957e-01,16000000,0.19634746875,44,112,16
9.3750212181e-01,16000000,0.196342875,45,115,16
9.3749426850e-01,16000000,0.196367546875,46,112,16
9.3750996516e-01,16000000,0.196318234375,47,116,16
9.3750647370e-01,16000000,0.196329203125,48,113,16
9.3750146529e-01,16000000,0.1963449375,49,116,16
9.6875048272e-01,32000000,0.09817325390625,0,236,32
9.6875201832e-01,32000000,0.0981684296875,1,218,32
9.6874851691e-01,32000000,0.0981794296875,2,226,32
9.6874993190e-01,32000000,0.098174984375,3,266,32
9.6874993687e-01,32000000,0.09817496875,4,221,32
9.6875277804e-01,32000000,0.09816604296875,5,224,32
9.6875038822e-01,32000000,0.09817355078125,6,228,32
9.6875209044e-01,32000000,0.098168203125,7,222,32
9.6874698131e-01,32000000,0.09818425390625,8,219,32
9.6875783742e-01,32000000,0.0981501484375,9,220,32
9.6874907768e-01,32000000,0.09817766796875,10,225,32
9.6875312494e-01,32000000,0.098164953125,11,225,32
9.6875300060e-01,32000000,0.09816534375,12,220,32
9.6875255422e-01,32000000,0.09816674609375,13,232,32
9.6874971803e-01,32000000,0.09817565625,14,225,32
9.6875071648e-01,32000000,0.09817251953125,15,231,32
9.6874767140e-01,32000000,0.0981820859375,16,220,32
9.6874844852e-01,32000000,0.09817964453125,17,222,32
9.6874675999e-01,32000000,0.09818494921875,18,226,32
9.6874866985e-01,32000000,0.09817894921875,19,216,32
9.6874608109e-01,32000000,0.09818708203125,20,242,32
9.6875549237e-01,32000000,0.098157515625,21,257,32
9.6875599968e-01,32000000,0.098155921875,22,223,32
9.6875010846e-01,32000000,0.0981744296875,23,222,32
9.6874919208e-01,32000000,0.09817730859375,24,227,32
9.6874683957e-01,32000000,0.09818469921875,25,219,32
9.6875141900e-01,32000000,0.0981703125,26,227,32
9.6874578765e-01,32000000,0.09818800390625,27,226,32
9.6874886506e-01,32000000,0.0981783359375,28,217,32
9.6874652374e-01,32000000,0.09818569140625,29,224,32
9.6874786910e-01,32000000,0.09818146484375,30,226,32
9.6875298941e-01,32000000,0.09816537890625,31,228,32
9.6874819363e-01,32000000,0.0981804453125,32,226,32
9.6875141403e-01,32000000,0.098170328125,33,225,32
9.6875268727e-01,32000000,0.098166328125,34,225,32
9.6874897821e-01,32000000,0.09817798046875,35,227,32
9.6875000153e-01,32000000,0.098174765625,36,222,32
9.6874940718e-01,32000000,0.0981766328125,37,226,32
9.6874813643e-01,32000000,0.098180625,38,222,32
9.6874628998e-01,32000000,0.09818642578125,39,213,32
9.6874923311e-01,32000000,0.0981771796875,40,222,32
9.6874599033e-01,32000000,0.0981873671875,41,220,32
9.6875005499e-01,32000000,0.09817459765625,42,225,32
9.6874831299e-01,32000000,0.0981800703125,43,219,32
9.6875020669e-01,32000000,0.09817412109375,44,223,32
9.6875360614e-01,32000000,0.09816344140625,45,227,32
9.6875348429e-01,32000000,0.09816382421875,46,213,32
9.6874935620e-01,32000000,0.09817679296875,47,225,32
9.6874583739e-01,32000000,0.09818784765625,48,226,32
9.6874981253e-01,32000000,0.098175359375,49,230,32
9.8437495227e-01,64000000,0.04908753515625,0,426,64
9.8437608998e-01,64000000,0.0490839609375,1,418,64
9.8437526094e-01,64000000,0.0490865654296875,2,421,64
9.8437327959e-01,64000000,0.0490927900390625,3,426,64
9.8437574556e-01,64000000,0.04908504296875,4,429,64
9.8437314530e-01,64000000,0.0490932119140625,5,423,64
9.8437445584e-01,64000000,0.0490890947265625,6,420,64
9.8437563769e-01,64000000,0.0490853818359375,7,422,64
9.8437317670e-01,64000000,0.04909311328125,8,419,64
9.8437599424e-01,64000000,0.04908426171875,9,411,64
9.8437622209e-01,64000000,0.0490835458984375,10,421,64
9.8437531348e-01,64000000,0.049086400390625,11,425,64
9.8437464173e-01,64000000,0.0490885107421875,12,420,64
9.8437636788e-01,64000000,0.049083087890625,13,415,64
9.8437697404e-01,64000000,0.04908118359375,14,417,64
9.8437529669e-01,64000000,0.049086453125,15,420,64
9.8437438248e-01,64000000,0.0490893251953125,16,421,64
9.8437493082e-01,64000000,0.0490876025390625,17,425,64
9.8437452610e-01,64000000,0.0490888740234375,18,439,64
9.8437778691e-01,64000000,0.0490786298828125,19,423,64
9.8437585871e-01,64000000,0.0490846875,20,422,64
9.8437388450e-01,64000000,0.0490908896484375,21,420,64
9.8437427804e-01,64000000,0.0490896533203125,22,450,64
9.8437792088e-01,64000000,0.049078208984375,23,425,64
9.8437594202e-01,64000000,0.04908442578125,24,419,64
9.8437317825e-01,64000000,0.0490931083984375,25,421,64
9.8437436477e-01,64000000,0.049089380859375,26,428,64
9.8437573126e-01,64000000,0.049085087890625,27,422,64
9.8437518883e-01,64000000,0.0490867919921875,28,408,64
9.8437518385e-01,64000000,0.0490868076171875,29,418,64
9.8437645430e-01,64000000,0.04908281640625,30,419,64
9.8437512293e-01,64000000,0.0490869990234375,31,423,64
9.8437347729e-01,64000000,0.0490921689453125,32,419,64
9.8437590161e-01,64000000,0.049084552734375,33,418,64
9.8437493331e-01,64000000,0.0490875947265625,34,419,64
9.8437709527e-01,64000000,0.049080802734375,35,421,64
9.8437432777e-01,64000000,0.0490894970703125,36,428,64
9.8437568121e-01,64000000,0.0490852451171875,37,429,64
9.8437354350e-01,64000000,0.0490919609375,38,422,64
9.8437228922e-01,64000000,0.0490959013671875,39,425,64
9.8437525846e-01,64000000,0.0490865732421875,40,416,64
9.8437529607e-01,64000000,0.049086455078125,41,423,64
9.8437569178e-01,64000000,0.0490852119140625,42,420,64
9.8437643906e-01,64000000,0.0490828642578125,43,427,64
9.8437473499e-01,64000000,0.0490882177734375,44,422,64
9.8437552517e-01,64000000,0.0490857353515625,45,420,64
9.8437566754e-01,64000000,0.0490852880859375,46,422,64
9.8437588948e-01,64000000,0.0490845908203125,47,434,64
9.8437422706e-01,64000000,0.0490898134765625,48,423,64
9.8437252267e-01,64000000,0.04909516796875,49,421,64
