Error,Npoint,Pi,Nlance,tempsMilis,Nproc
6.9820130868e-05,15000000,3.141812,0,1422,1
1.8602445998e-04,15000000,3.1421770666666666,1,1171,1
1.1056379630e-04,15000000,3.14194,2,1344,1
1.4340505156e-04,15000000,3.141142133333333,3,1453,1
6.1246984600e-05,15000000,3.1417850666666665,4,1484,1
4.2912335156e-05,15000000,3.1417274666666666,5,1499,1
6.3199285235e-05,15000000,3.1417912,6,1390,1
1.4069713219e-04,15000000,3.1420346666666665,7,1438,1
3.2378563256e-05,15000000,3.1414909333333334,8,1391,1
1.2592755347e-04,15000000,3.1419882666666665,9,1329,1
1.8076173653e-04,15000000,3.142160533333333,10,1265,1
1.0342532985e-04,15000000,3.141267733333333,11,1438,1
9.4685764474e-06,15000000,3.1416224,12,1453,1
1.0445224648e-04,15000000,3.1419208,13,1297,1
1.3115183647e-06,15000000,3.1415885333333335,14,1109,1
9.6300167236e-06,15000000,3.1415624,15,1250,1
3.2887859074e-05,15000000,3.1414893333333334,16,1547,1
1.6055966909e-04,15000000,3.1420970666666665,17,1453,1
1.0631133949e-04,15000000,3.141258666666667,18,1281,1
1.4867610001e-04,15000000,3.1420597333333333,19,1375,1
2.5036549831e-04,15000000,3.1423792,20,1422,1
6.7528299687e-05,15000000,3.1418048,21,1234,1
2.5647704813e-04,15000000,3.1423984,22,1109,1
3.9254056798e-05,15000000,3.1414693333333332,23,1093,1
1.0682896030e-04,15000000,3.1419282666666666,24,1218,1
7.5846798046e-05,15000000,3.1418309333333334,25,1047,1
1.4944004373e-04,15000000,3.1420621333333334,26,1031,1
2.7362334066e-04,15000000,3.1424522666666665,27,1125,1
1.4552711747e-04,15000000,3.141135466666667,28,1203,1
1.1676022875e-04,15000000,3.1419594666666666,29,1250,1
1.0656598740e-04,15000000,3.141257866666667,30,1336,1
1.9407998544e-04,15000000,3.1409829333333334,31,1406,1
9.2398912128e-05,15000000,3.141882933333333,32,1312,1
6.8623448963e-05,15000000,3.1413770666666667,33,1375,1
1.2898332838e-04,15000000,3.141997866666667,34,1281,1
2.8728609895e-05,15000000,3.1415024,35,1204,1
8.8710518320e-07,15000000,3.1415898666666666,36,1375,1
2.5520380858e-04,15000000,3.1423944,37,1360,1
7.9323639974e-06,15000000,3.1415677333333334,38,1327,1
4.8849140863e-06,15000000,3.141608,39,1234,1
2.3414458978e-04,15000000,3.140857066666667,40,1500,1
3.4933367342e-05,15000000,3.1417024,41,1265,1
5.6909645151e-05,15000000,3.141413866666667,42,1203,1
1.3118529809e-05,15000000,3.1416338666666666,43,1218,1
1.6752004527e-04,15000000,3.1421189333333333,44,1157,1
3.7479846432e-05,15000000,3.1417104,45,1297,1
6.7523320853e-06,15000000,3.141613866666667,46,1407,1
5.7002852784e-05,15000000,3.1417717333333335,47,1312,1
2.3805416988e-05,15000000,3.1415178666666668,48,1234,1
2.3720534352e-05,15000000,3.1415181333333333,49,1172,1
8.6448802589e-05,15000000,3.141321066666667,0,1203,2
1.1216824139e-04,15000000,3.141240266666667,1,2344,2
5.0034151610e-05,15000000,3.1414354666666666,2,2171,2
3.3219235972e-04,15000000,3.1426362666666665,3,1312,2
3.2471770889e-05,15000000,3.1416946666666665,4,1906,2
1.0427415622e-04,15000000,3.1412650666666666,5,1281,2
8.2968614501e-05,15000000,3.141332,6,1687,2
9.2229146855e-05,15000000,3.1418824,7,1422,2
3.2827943345e-04,15000000,3.1405613333333333,8,1516,2
2.9313802202e-04,15000000,3.1406717333333334,9,1672,2
1.7150952917e-04,15000000,3.1421314666666667,10,1625,2
2.4238155166e-05,15000000,3.1416688,11,1438,2
3.9322297523e-04,15000000,3.142828,12,1625,2
3.3736685437e-05,15000000,3.1414866666666668,13,1531,2
3.6537812436e-05,15000000,3.1414778666666665,14,1858,2
9.9690493855e-05,15000000,3.1412794666666666,15,1500,2
2.5596775231e-04,15000000,3.1423968,16,2219,2
4.4686545522e-05,15000000,3.1414522666666667,17,1484,2
1.6386176691e-04,15000000,3.1410778666666666,18,2515,2
1.5231772837e-04,15000000,3.1411141333333332,19,2593,2
1.1030082339e-04,15000000,3.1412461333333335,20,1437,2
5.7936561784e-05,15000000,3.1417746666666666,21,2249,2
4.9439973156e-05,15000000,3.141437333333333,22,1672,2
1.2456110630e-04,15000000,3.1412013333333335,23,1515,2
1.6089422080e-05,15000000,3.1416432,24,1516,2
3.4585511800e-05,15000000,3.141484,25,2468,2
7.0584074595e-05,15000000,3.1418144,26,1505,2
2.1258937899e-05,15000000,3.1415258666666666,27,1422,2
1.1701487666e-04,15000000,3.1419602666666666,28,2703,2
7.2533029069e-06,15000000,3.1415698666666665,29,1359,2
2.3142834542e-04,15000000,3.1408656,30,1718,2
1.9628693398e-04,15000000,3.140976,31,1484,2
1.3118529809e-05,15000000,3.1416338666666666,32,2578,2
1.5885369137e-04,15000000,3.1410936,33,1813,2
3.1453179253e-05,15000000,3.141691466666667,34,1530,2
9.5624452308e-05,15000000,3.1418930666666665,35,1266,2
2.0808562043e-04,15000000,3.1409389333333335,36,1876,2
7.5414059868e-05,15000000,3.1413557333333335,37,2359,2
4.2140066433e-05,15000000,3.1414602666666664,38,1578,2
1.0656598740e-04,15000000,3.141257866666667,39,1656,2
8.6796658131e-05,15000000,3.1418653333333335,40,1594,2
1.1836965268e-05,15000000,3.1415554666666665,41,2906,2
1.7812204981e-04,15000000,3.1410330666666666,42,1422,2
1.3789600519e-04,15000000,3.1420258666666667,43,1703,2
1.0682896030e-04,15000000,3.1419282666666666,44,1484,2
7.7204920227e-05,15000000,3.1418352,45,1468,2
1.2949262420e-04,15000000,3.141999466666667,46,1578,2
1.5859904346e-04,15000000,3.1410944,47,1532,2
1.5716436364e-04,15000000,3.1420864,48,1393,2
2.8015930366e-04,15000000,3.1424728,49,2655,2
3.7649611704e-05,15000000,3.1417109333333335,0,1640,4
1.6930258063e-04,15000000,3.1421245333333334,1,1861,4
1.9298483616e-04,15000000,3.1421989333333333,2,3156,4
4.6723728794e-05,15000000,3.1414458666666665,3,1735,4
1.5744912699e-06,15000000,3.1415976,4,3515,4
1.6555941964e-04,15000000,3.1410725333333334,5,1750,4
9.8162606401e-05,15000000,3.1412842666666667,6,1452,4
7.7621008413e-05,15000000,3.1413488,7,3390,4
2.4233176331e-06,15000000,3.1416002666666665,8,1578,4
2.9449614420e-04,15000000,3.1406674666666667,9,3875,4
3.4263292399e-04,15000000,3.1426690666666666,10,1749,4
1.5147722700e-04,15000000,3.142068533333333,11,3562,4
4.2824106359e-06,15000000,3.1415792,12,3938,4
2.1419717024e-04,15000000,3.1409197333333334,13,1813,4
7.7960538958e-05,15000000,3.1413477333333333,14,4468,4
1.4896086337e-06,15000000,3.1415973333333334,15,3657,4
1.0011490704e-04,15000000,3.1412781333333335,16,3844,4
1.5020398746e-04,15000000,3.1420645333333335,17,1656,4
1.0445224648e-04,15000000,3.1419208,18,1312,4
6.9137723615e-06,15000000,3.1415709333333335,19,4516,4
7.5668707777e-05,15000000,3.1413549333333335,20,2045,4
5.0967860609e-05,15000000,3.1414325333333335,21,3875,4
1.6089422080e-05,15000000,3.1416432,22,1718,4
1.0800899221e-04,15000000,3.1412533333333332,23,3564,4
1.0971496994e-04,15000000,3.1419373333333334,24,1562,4
4.6816936426e-05,15000000,3.1417397333333335,25,1906,4
2.6759667348e-04,15000000,3.1424333333333334,26,1578,4
1.0419759858e-04,15000000,3.14192,27,4157,4
2.5596277347e-05,15000000,3.141673066666667,28,1719,4
6.3279189037e-06,15000000,3.1416125333333333,29,4421,4
5.8360974965e-05,15000000,3.141776,30,1765,4
1.2922965129e-04,15000000,3.1411866666666666,31,4375,4
1.8694984399e-04,15000000,3.141005333333333,32,1718,4
1.1591140239e-04,15000000,3.1419568,33,3374,4
3.2217122980e-05,15000000,3.1416938666666665,34,1750,4
1.1404398439e-04,15000000,3.1419509333333333,35,3172,4
3.0536112165e-04,15000000,3.140633333333333,36,2531,4
7.1733991051e-07,15000000,3.1415904,37,1673,4
1.4977124928e-04,15000000,3.1411221333333335,38,1594,4
1.2821105966e-04,15000000,3.1411898666666667,39,3796,4
1.2142877375e-04,15000000,3.1419741333333335,40,3128,4
2.7628481784e-06,15000000,3.1416013333333335,41,1346,4
7.2018754416e-05,15000000,3.1413664,42,3875,4
2.5936305776e-04,15000000,3.1424074666666666,43,2625,4
2.5663848840e-04,15000000,3.1407864,44,1734,4
1.2651340693e-04,15000000,3.1411952,45,2375,4
1.3950045029e-04,15000000,3.1411544,46,3656,4
7.8724482685e-05,15000000,3.141345333333333,47,1859,4
1.4519591192e-04,15000000,3.1420488,48,3703,4
2.9475079211e-04,15000000,3.1406666666666667,49,3093,4
1.3594370456e-04,15000000,3.1420197333333335,0,5086,8
3.2718093802e-05,15000000,3.141489866666667,1,5281,8
1.8720449190e-04,15000000,3.141004533333333,2,5348,8
1.6123040518e-04,15000000,3.1410861333333333,3,3012,8
1.6998164172e-04,15000000,3.1421266666666665,4,5672,8
5.8021444420e-05,15000000,3.141774933333333,5,5110,8
3.3150831979e-05,15000000,3.1416968,6,5501,8
2.8227639073e-05,15000000,3.1416813333333335,7,5547,8
2.0062427343e-04,15000000,3.142222933333333,8,5391,8
7.4310585596e-05,15000000,3.1413592,9,2328,8
2.1072530715e-04,15000000,3.1422546666666666,10,5735,8
2.4993773897e-05,15000000,3.141514133333333,11,3640,8
1.9772993880e-04,15000000,3.1409714666666666,12,5782,8
6.6925796237e-05,15000000,3.1413824,13,5735,8
1.2303321884e-04,15000000,3.141206133333333,14,5796,8
6.1246984600e-05,15000000,3.1417850666666665,15,5455,8
5.7843354151e-05,15000000,3.1414109333333333,16,5438,8
7.3716407142e-05,15000000,3.1413610666666667,17,5562,8
6.9820130868e-05,15000000,3.141812,18,5453,8
5.8182884696e-05,15000000,3.1414098666666668,19,4892,8
1.0682063531e-04,15000000,3.141257066666667,20,5564,8
2.0443566707e-04,15000000,3.1409504,21,4124,8
2.3415291477e-04,15000000,3.1423282666666665,22,5846,8
2.1564850006e-04,15000000,3.142270133333333,23,5922,8
1.4392267237e-04,15000000,3.1420448,24,5923,8
3.3397154892e-05,15000000,3.1414877333333333,25,5799,8
7.4318910592e-05,15000000,3.1418261333333333,26,3250,8
1.8185688581e-04,15000000,3.141021333333333,27,4828,8
2.2727742123e-04,15000000,3.142306666666667,28,4968,8
9.8587019583e-05,15000000,3.141282933333333,29,3438,8
1.5656683902e-05,15000000,3.1415434666666666,30,4625,8
2.0486840525e-04,15000000,3.1422362666666666,31,4436,8
2.7964168284e-04,15000000,3.1407141333333333,32,4752,8
4.3761161519e-05,15000000,3.141730133333333,33,4140,8
1.2363572229e-04,15000000,3.1419810666666668,34,4704,8
2.7140806712e-04,15000000,3.14074,35,4830,8
7.2018754416e-05,15000000,3.1413664,36,5515,8
9.6040540493e-05,15000000,3.1412909333333334,37,5392,8
3.5858751345e-05,15000000,3.14148,38,5468,8
1.0486833467e-04,15000000,3.1412632,39,5485,8
1.1225312403e-04,15000000,3.14124,40,5391,8
2.0834524717e-05,15000000,3.1415272,41,5501,8
2.8304196713e-05,15000000,3.1415037333333333,42,1937,8
8.8239662948e-05,15000000,3.1418698666666667,43,5452,8
5.7928236787e-05,15000000,3.141410666666667,44,5652,8
9.6133748126e-05,15000000,3.1418946666666665,45,3468,8
1.6845375427e-04,15000000,3.142121866666667,46,5563,8
8.6542010222e-05,15000000,3.1418645333333335,47,4703,8
7.4310585596e-05,15000000,3.1413592,48,3828,8
1.9714408534e-04,15000000,3.142212,49,4328,8
5.5474965330e-05,15000000,3.1417669333333333,0,5392,16
8.4844357496e-05,15000000,3.1418592,1,5516,16
1.9298483616e-04,15000000,3.1421989333333333,2,5890,16
1.0063252785e-04,15000000,3.1419088,3,5516,16
9.1719851037e-05,15000000,3.1418808,4,6047,16
5.2750395972e-05,15000000,3.1414269333333333,5,6455,16
8.7811903605e-06,15000000,3.141565066666667,6,4742,16
6.8962979508e-05,15000000,3.141376,7,5932,16
5.4787579244e-05,15000000,3.141420533333333,8,6595,16
3.6033495453e-06,15000000,3.1415813333333333,9,6876,16
6.2257251239e-05,15000000,3.141397066666667,10,6032,16
1.5605256437e-04,15000000,3.1411024,11,6345,16
1.3322746020e-04,15000000,3.1420112,12,6281,16
9.3069648222e-05,15000000,3.1413002666666667,13,5578,16
5.5814495876e-05,15000000,3.141768,14,5875,16
9.5030273853e-05,15000000,3.1418912,15,6078,16
1.1158238794e-04,15000000,3.1419432,16,6114,16
5.0636655060e-05,15000000,3.1417517333333334,17,5799,16
5.2325982790e-05,15000000,3.141428266666667,18,6080,16
1.2652173193e-04,15000000,3.1419901333333335,19,5735,16
5.0463543626e-06,15000000,3.1415768,20,5593,16
5.0967860609e-05,15000000,3.1414325333333335,21,5266,16
8.5265424515e-06,15000000,3.141565866666667,22,6032,16
2.8168719111e-04,15000000,3.1424776,23,6034,16
9.6133748126e-05,15000000,3.1418946666666665,24,6391,16
1.3509487819e-04,15000000,3.1420170666666665,25,6299,16
2.7545231821e-06,15000000,3.141584,26,6158,16
1.1929838284e-04,15000000,3.1412178666666666,27,6157,16
2.3440756268e-04,15000000,3.1423290666666666,28,4141,16
8.4499848116e-06,15000000,3.1416192,29,5954,16
7.6440976500e-05,15000000,3.1418328,30,5469,16
1.4646417263e-05,15000000,3.1416386666666667,31,5985,16
1.8890549078e-05,15000000,3.141652,32,5720,16
4.5798344790e-05,15000000,3.1417365333333334,33,6438,16
3.0001849439e-05,15000000,3.1414984,34,5954,16
4.3672932721e-06,15000000,3.1415789333333333,35,6156,16
9.3833591949e-05,15000000,3.1412978666666667,36,5312,16
1.3457725738e-04,15000000,3.1411698666666665,37,6127,16
3.5052700916e-04,15000000,3.142693866666667,38,4265,16
1.0249994585e-04,15000000,3.1419146666666666,39,6344,16
6.4387642144e-05,15000000,3.1417949333333333,40,6031,16
1.8864749671e-04,15000000,3.141,41,6580,16
1.7787074806e-05,15000000,3.1416485333333335,42,5938,16
1.6938248443e-05,15000000,3.1416458666666665,43,5876,16
2.4653745468e-04,15000000,3.140818133333333,44,6423,16
1.1777882039e-04,15000000,3.1419626666666667,45,6079,16
2.6996506230e-04,15000000,3.1407445333333333,46,5720,16
6.1498286347e-06,15000000,3.1415733333333336,47,6250,16
9.6040540493e-05,15000000,3.1412909333333334,48,6157,16
1.2041018211e-04,15000000,3.1419709333333334,49,4609,16
6.8199035782e-05,15000000,3.1413784,0,7311,32
4.8591146793e-05,15000000,3.14144,1,6564,32
3.4508954160e-05,15000000,3.1417010666666667,2,6134,32
9.0701259401e-05,15000000,3.1418776,3,6015,32
1.7786740190e-04,15000000,3.1410338666666666,4,6189,32
2.9326134510e-06,15000000,3.1416018666666665,5,6453,32
2.9832084167e-05,15000000,3.141498933333333,6,7157,32
4.4015809428e-05,15000000,3.141730933333333,7,7237,32
1.3390652129e-04,15000000,3.1420133333333333,8,7016,32
3.4508954160e-05,15000000,3.1417010666666667,9,7283,32
1.5521206300e-04,15000000,3.1420802666666665,10,7486,32
2.5460963013e-04,15000000,3.142392533333333,11,6188,32
3.7811051980e-05,15000000,3.141473866666667,12,6249,32
7.5928334521e-06,15000000,3.1415688,13,6500,32
1.0266971112e-04,15000000,3.1419152,14,7141,32
6.3445608148e-05,15000000,3.1413933333333333,15,7438,32
2.4110496596e-04,15000000,3.1408352,16,2907,32
6.2095810963e-05,15000000,3.1417877333333335,17,7580,32
1.0155791185e-04,15000000,3.1412736,18,6283,32
1.2266357284e-06,15000000,3.1415888,19,7328,32
1.4968636664e-04,15000000,3.1411224,20,7393,32
2.6606543987e-05,15000000,3.1415090666666665,21,3719,32
1.8797341446e-05,15000000,3.1415336,22,8234,32
3.7598347506e-04,15000000,3.1404114666666665,23,8157,32
1.0716016585e-04,15000000,3.141256,24,5766,32
1.7022796463e-04,15000000,3.141057866666667,25,5907,32
1.5113769646e-04,15000000,3.1420674666666666,26,7157,32
1.7175585209e-04,15000000,3.1410530666666667,27,7360,32
3.0264822345e-05,15000000,3.1416877333333333,28,5517,32
2.0749642081e-05,15000000,3.1415274666666666,29,6172,32
2.8508249656e-04,15000000,3.1424882666666667,30,7174,32
1.0232185558e-04,15000000,3.1412712,31,6752,32
6.9986549980e-06,15000000,3.1415706666666665,32,10291,32
1.3034145056e-04,15000000,3.1420021333333334,33,6360,32
1.6437938772e-04,15000000,3.1421090666666665,34,6063,32
2.5842600260e-05,15000000,3.1415114666666666,35,7720,32
1.7617309534e-05,15000000,3.141648,36,6955,32
1.5579791646e-04,15000000,3.1411032,37,6923,32
4.0442413706e-05,15000000,3.1414656,38,6578,32
5.6405328169e-06,15000000,3.141574933333333,39,6875,32
1.5198652282e-04,15000000,3.142070133333333,40,6202,32
7.8647925045e-05,15000000,3.141839733333333,41,6922,32
1.6675275538e-05,15000000,3.1415402666666665,42,6827,32
1.1420542466e-04,15000000,3.1412338666666666,43,6234,32
2.3813741985e-05,15000000,3.1416674666666666,44,8158,32
1.1233800667e-04,15000000,3.1412397333333333,45,9532,32
2.2022881626e-05,15000000,3.1415234666666665,46,7339,32
1.6233387946e-04,15000000,3.1410826666666667,47,6907,32
2.3389328803e-05,15000000,3.1416661333333336,48,7251,32
6.9650365595e-05,15000000,3.1418114666666668,49,7016,32
2.0622652743e-04,15000000,3.142240533333333,0,7486,64
2.4798878449e-04,15000000,3.1423717333333334,1,7626,64
9.2398912128e-05,15000000,3.141882933333333,2,7736,64
5.0119034246e-05,15000000,3.1414352,3,5312,64
2.5740243213e-04,15000000,3.140784,4,11141,64
9.9274405669e-05,15000000,3.1419045333333333,5,6844,64
2.3559094076e-05,15000000,3.1416666666666666,6,5844,64
9.3587269036e-05,15000000,3.1418866666666667,7,6703,64
3.2964588063e-04,15000000,3.1426282666666667,8,6579,64
8.5268770677e-05,15000000,3.1418605333333334,9,6141,64
5.3684104971e-05,15000000,3.141424,10,6328,64
1.3347378311e-04,15000000,3.141173333333333,11,6047,64
2.4144947534e-05,15000000,3.1415168,12,8626,64
1.1590307739e-04,15000000,3.1412285333333334,13,10487,64
6.2936312330e-05,15000000,3.1413949333333333,14,6939,64
2.0435078443e-04,15000000,3.1409506666666664,15,7298,64
5.6485231970e-05,15000000,3.1414152,16,5939,64
6.2596781785e-05,15000000,3.141396,17,5109,64
4.1129799793e-05,15000000,3.141721866666667,18,6393,64
4.6044667703e-05,15000000,3.141448,19,7047,64
1.6471059327e-04,15000000,3.1410752,20,8533,64
7.6695624409e-05,15000000,3.1418336,21,10057,64
1.1378933648e-04,15000000,3.1419501333333333,22,9425,64
2.2625385076e-05,15000000,3.1416637333333335,23,11800,64
2.3134346278e-04,15000000,3.1408658666666667,24,6765,64
1.5673995046e-04,15000000,3.1420850666666666,25,6766,64
2.1462990842e-04,15000000,3.1422669333333335,26,8625,64
3.0086732076e-05,15000000,3.141498133333333,27,9130,64
1.7863134563e-04,15000000,3.1410314666666665,28,7783,64
3.9152532250e-04,15000000,3.1428226666666665,29,8626,64
1.6497356618e-04,15000000,3.1421109333333335,30,7110,64
8.0006047226e-05,15000000,3.141844,31,8267,64
2.2524023796e-04,15000000,3.1423002666666666,32,10342,64
9.8934875124e-05,15000000,3.1419034666666668,33,9407,64
1.2422990075e-04,15000000,3.1419829333333333,34,6064,64
9.4427770403e-05,15000000,3.141296,35,8157,64
1.3198433610e-06,15000000,3.1415968,36,6219,64
4.1384447702e-05,15000000,3.141722666666667,37,13392,64
9.6380071038e-05,15000000,3.141289866666667,38,7689,64
9.1290459020e-06,15000000,3.141621333333333,39,8324,64
7.3971055051e-05,15000000,3.1413602666666667,40,8080,64
2.1496943897e-04,15000000,3.142268,41,8642,64
1.7838502272e-04,15000000,3.142153066666667,42,7048,64
4.0612178979e-05,15000000,3.1414650666666666,43,7570,64
4.1800870503e-04,15000000,3.1429058666666667,44,8658,64
4.6893494066e-05,15000000,3.1414453333333334,45,9725,64
1.1871252939e-04,15000000,3.1419656,46,8706,64
9.9953466760e-05,15000000,3.141906666666667,47,7547,64
7.8732807681e-05,15000000,3.14184,48,6188,64
2.5953282303e-04,15000000,3.142408,49,4844,64
5.1036101335e-04,1000000,3.143196,0,94,1
2.8414046257e-04,1000000,3.1407,1,94,1
2.2047848533e-04,1000000,3.1409,2,94,1
3.2896184070e-05,1000000,3.141696,3,94,1
5.2096301789e-04,1000000,3.139956,4,93,1
9.8247489037e-05,1000000,3.141284,5,79,1
6.6000412234e-05,1000000,3.1418,6,93,1
7.1280610096e-04,1000000,3.143832,7,78,1
7.6160529184e-04,1000000,3.1392,8,78,1
5.5619763696e-04,1000000,3.14334,9,94,1
8.3503709725e-04,1000000,3.144216,10,78,1
9.0038840222e-04,1000000,3.138764,11,94,1
2.3024831350e-04,1000000,3.142316,12,78,1
1.3797590899e-05,1000000,3.141636,13,93,1
4.9422498745e-04,1000000,3.14004,14,94,1
1.0362089453e-03,1000000,3.144848,15,78,1
5.3496865288e-04,1000000,3.139912,16,78,1
2.5698634394e-04,1000000,3.1424,17,93,1
9.1465203128e-05,1000000,3.14188,18,94,1
1.0005582381e-03,1000000,3.144736,19,78,1
3.4356663299e-04,1000000,3.142672,20,110,1
2.4848975532e-04,1000000,3.140812,21,93,1
2.6376862985e-04,1000000,3.140764,22,94,1
1.8950464807e-04,1000000,3.142188,23,62,1
8.0006047226e-05,1000000,3.141844,24,78,1
2.7268130667e-04,1000000,3.140736,25,94,1
2.2133563669e-04,1000000,3.142288,26,79,1
8.7645484494e-05,1000000,3.141868,27,78,1
1.8313845035e-04,1000000,3.142168,28,94,1
1.8864749671e-04,1000000,3.141,29,94,1
1.8059197126e-04,1000000,3.14216,30,78,1
4.8616946200e-04,1000000,3.14312,31,94,1
1.0547083812e-04,1000000,3.141924,32,93,1
9.8060249354e-04,1000000,3.138512,33,78,1
1.1438351493e-04,1000000,3.141952,34,94,1
4.9508213881e-04,1000000,3.143148,35,78,1
2.2710267713e-05,1000000,3.141664,36,94,1
6.7757148189e-04,1000000,3.139464,37,93,1
5.1994777241e-05,1000000,3.141756,38,94,1
8.6941456496e-04,1000000,3.144324,39,94,1
2.8032074393e-04,1000000,3.140712,40,94,1
5.9694130239e-04,1000000,3.143468,41,93,1
3.9831593341e-04,1000000,3.142844,42,94,1
8.9487935586e-04,1000000,3.144404,43,94,1
1.4924447905e-03,1000000,3.136904,44,93,1
5.1968977834e-04,1000000,3.13996,45,94,1
7.0812923097e-04,1000000,3.139368,46,94,1
1.3931321060e-03,1000000,3.137216,47,94,1
1.6022013854e-04,1000000,3.142096,48,78,1
5.8802862557e-04,1000000,3.14344,49,110,1
5.3878837152e-04,2000000,3.1399,0,296,2
3.5098553867e-04,2000000,3.14049,1,391,2
3.7454047024e-04,2000000,3.140416,2,422,2
4.0149903227e-04,2000000,3.142854,3,203,2
2.1242295988e-04,2000000,3.14226,4,406,2
2.4170746941e-04,2000000,3.142352,5,375,2
3.1300888391e-04,2000000,3.142576,6,344,2
4.4160607793e-04,2000000,3.14298,7,218,2
1.1756661380e-04,2000000,3.141962,8,344,2
8.4841011334e-06,2000000,3.141566,9,422,2
2.8436099416e-04,2000000,3.142486,10,328,2
9.8846246239e-04,2000000,3.144698,11,359,2
6.8457429939e-04,2000000,3.139442,12,360,2
9.4686164560e-04,2000000,3.138618,13,219,2
2.7545231821e-06,2000000,3.141584,14,219,2
3.7768610662e-05,2000000,3.141474,15,313,2
1.4153763356e-04,2000000,3.141148,16,421,2
3.5798835616e-04,2000000,3.140468,17,219,2
3.9109258433e-04,2000000,3.140364,18,189,2
4.8175058607e-05,2000000,3.141744,19,265,2
1.4026439401e-04,2000000,3.141152,20,391,2
2.3534127168e-04,2000000,3.142332,21,328,2
3.7772356911e-04,2000000,3.140406,22,328,2
3.7989142249e-05,2000000,3.141712,23,203,2
9.1465203128e-05,2000000,3.14188,24,390,2
7.6182582343e-04,2000000,3.143986,25,422,2
1.6785957581e-04,2000000,3.14212,26,391,2
3.6495371118e-05,2000000,3.141478,27,313,2
7.9238357250e-04,2000000,3.144082,28,219,2
3.8813001705e-04,2000000,3.142812,29,390,2
2.0032718420e-04,2000000,3.142222,30,203,2
1.9969056443e-04,2000000,3.14222,31,422,2
7.0176303324e-04,2000000,3.139388,32,422,2
9.3154530858e-05,2000000,3.1413,33,188,2
9.1881291314e-05,2000000,3.141304,34,390,2
5.6170668332e-04,2000000,3.139828,35,172,2
1.7040605490e-04,2000000,3.142128,36,391,2
2.6016944281e-04,2000000,3.14241,37,328,2
6.0458073966e-04,2000000,3.143492,38,234,2
2.8308775461e-04,2000000,3.142482,39,376,2
2.9713085209e-05,2000000,3.141686,40,297,2
2.3384349968e-06,2000000,3.1416,41,391,2
8.9971431997e-05,2000000,3.14131,42,375,2
7.3003229730e-05,2000000,3.141822,43,203,2
7.4313931757e-06,2000000,3.141616,44,328,2
1.4217425333e-04,2000000,3.141146,45,219,2
4.3142016157e-04,2000000,3.142948,46,406,2
4.1041170908e-04,2000000,3.142882,47,422,2
4.6175737906e-04,2000000,3.140142,48,375,2
3.1278835233e-04,2000000,3.14061,49,266,2
1.7209538263e-04,4000000,3.141052,0,1031,4
2.7077144735e-04,4000000,3.140742,1,891,4
3.1109902460e-04,4000000,3.14257,2,954,4
3.4834128128e-04,4000000,3.142687,3,1109,4
6.2632359022e-04,4000000,3.139625,4,469,4
6.2180693599e-05,4000000,3.141788,5,1093,4
4.2515174215e-04,4000000,3.140257,6,1031,4
3.6276300446e-04,4000000,3.140453,7,1234,4
1.6403985718e-04,4000000,3.142108,8,1171,4
2.2229056635e-04,4000000,3.142291,9,1249,4
8.7068780451e-04,4000000,3.144328,10,1078,4
1.0992717653e-04,4000000,3.141938,11,1063,4
4.0086241250e-04,4000000,3.142852,12,499,4
1.2425112141e-04,4000000,3.141983,13,1141,4
3.3443342459e-04,4000000,3.140542,14,1125,4
1.0897224687e-04,4000000,3.141935,15,485,4
1.2520605106e-04,4000000,3.141986,16,906,4
2.6154046065e-04,4000000,3.140771,17,907,4
2.5772074202e-04,4000000,3.140783,18,1187,4
4.0633399638e-05,4000000,3.141465,19,1016,4
1.9533200432e-04,4000000,3.140979,20,531,4
3.0982578505e-04,4000000,3.142566,21,875,4
2.3343141237e-04,4000000,3.142326,22,1063,4
3.9863424330e-04,4000000,3.142845,23,422,4
3.2456581811e-04,4000000,3.140573,24,1048,4
2.6440524963e-04,4000000,3.140762,25,749,4
6.9183511095e-05,4000000,3.14181,26,501,4
9.3693372332e-05,4000000,3.141887,27,1015,4
4.7220128949e-05,4000000,3.141741,28,859,4
5.0886724221e-04,4000000,3.139994,29,822,4
2.1179034097e-06,4000000,3.141586,30,984,4
2.3028577599e-05,4000000,3.141665,31,469,4
2.2238834465e-04,4000000,3.140894,32,860,4
1.6190946627e-04,4000000,3.141084,33,1249,4
1.1639115255e-04,4000000,3.141227,34,1094,4
2.4880806520e-04,4000000,3.140811,35,843,4
1.4344749288e-04,4000000,3.141142,36,1078,4
2.3629620134e-04,4000000,3.142335,37,1109,4
9.6019319834e-05,4000000,3.141291,38,969,4
2.0328975148e-04,4000000,3.140954,39,1047,4
3.5852719764e-04,4000000,3.142719,40,875,4
1.7750665070e-04,4000000,3.141035,41,859,4
7.7557346435e-05,4000000,3.141349,42,438,4
1.8419115831e-04,4000000,3.141014,43,1016,4
3.6495371118e-05,4000000,3.141478,44,859,4
3.6085314514e-04,4000000,3.140459,45,1016,4
4.7980326427e-04,4000000,3.1431,46,531,4
3.7571593149e-04,4000000,3.142773,47,1046,4
5.2277509891e-04,4000000,3.143235,48,937,4
2.1474890738e-04,4000000,3.140918,49,1234,4
1.2530382936e-04,8000000,3.141199,0,2908,8
1.2275735027e-04,8000000,3.141207,1,2015,8
9.9582105226e-05,8000000,3.1419055,2,1843,8
1.5019337713e-04,8000000,3.1420645,3,2828,8
2.0004633680e-05,8000000,3.1416555,4,3032,8
5.6291960705e-05,8000000,3.1417695,5,2984,8
4.4520526498e-04,8000000,3.140194,6,1844,8
1.7973481990e-04,8000000,3.141028,7,2437,8
2.4387426197e-04,8000000,3.1408265,8,2765,8
1.0769900732e-04,8000000,3.141931,9,3095,8
2.3862214884e-04,8000000,3.140843,10,3046,8
1.7136098456e-04,8000000,3.142131,11,3110,8
1.3007847766e-04,8000000,3.141184,12,2894,8
1.1311027539e-04,8000000,3.141948,13,2845,8
1.2005171624e-04,8000000,3.1412155,14,2720,8
8.3286924387e-05,8000000,3.141331,15,2938,8
8.2331994728e-05,8000000,3.141334,16,1812,8
6.0368612581e-05,8000000,3.141403,17,2891,8
2.3343141237e-04,8000000,3.142326,18,3032,8
3.4213423850e-04,8000000,3.1426675,19,3141,8
2.7697849013e-04,8000000,3.1407225,20,2563,8
8.3863228343e-06,8000000,3.141619,21,2843,8
1.6760158174e-05,8000000,3.14154,22,2985,8
1.1113903943e-04,8000000,3.1412435,23,3225,8
1.7002636837e-04,8000000,3.1410585,24,3282,8
3.0387567551e-04,8000000,3.140638,25,2781,8
2.2356380589e-04,8000000,3.142295,26,2062,8
3.3242578697e-04,8000000,3.142637,27,2719,8
7.2844074786e-05,8000000,3.1418215,28,2391,8
1.2816861834e-04,8000000,3.14119,29,2423,8
1.2536520601e-04,8000000,3.1419865,30,2750,8
7.4851712403e-05,8000000,3.1413575,31,3064,8
6.8326359736e-05,8000000,3.141378,32,2766,8
2.5650887911e-04,8000000,3.1423985,33,2859,8
3.6654526061e-05,8000000,3.1414775,34,3172,8
1.0085534477e-04,8000000,3.1419095,35,2954,8
3.1145479696e-05,8000000,3.1416905,36,2875,8
3.5400948259e-04,8000000,3.1404805,37,3125,8
6.1862383713e-05,8000000,3.141787,38,2985,8
3.6521170525e-04,8000000,3.14274,39,2875,8
3.9656522904e-04,8000000,3.1428385,40,2384,8
2.5734211631e-05,8000000,3.1416735,41,3172,8
1.0318129227e-04,8000000,3.1412685,42,3255,8
2.7061229241e-04,8000000,3.1407425,43,2906,8
6.7530585021e-05,8000000,3.1413805,44,2969,8
2.0981510414e-04,8000000,3.1409335,45,2954,8
1.4885876094e-04,8000000,3.141125,46,3141,8
2.0420721865e-05,8000000,3.1415285,47,3188,8
1.1056379630e-04,8000000,3.14194,48,2609,8
3.7609455719e-05,8000000,3.1414745,49,2751,8
6.4090552916e-05,16000000,3.141794,0,5546,16
9.9778722653e-06,16000000,3.141624,1,5704,16
1.4533915136e-04,16000000,3.14204925,2,5703,16
1.7153834033e-04,16000000,3.14105375,3,6985,16
7.2108615886e-06,16000000,3.14157,4,5851,16
3.2039032711e-05,16000000,3.141492,5,6596,16
1.0618703536e-04,16000000,3.14192625,6,6953,16
3.3055339014e-05,16000000,3.1416965,7,3969,16
3.3417649134e-04,16000000,3.1426425,8,6391,16
2.5969197798e-04,16000000,3.1424085,9,6532,16
9.9600306054e-05,16000000,3.14127975,10,6422,16
2.0725042423e-04,16000000,3.14224375,11,2860,16
5.2410865427e-05,16000000,3.141428,12,5500,16
2.5268916048e-04,16000000,3.1423865,13,7344,16
2.5199116406e-04,16000000,3.140801,14,6156,16
1.1788492368e-04,16000000,3.141963,15,6455,16
1.1648999168e-05,16000000,3.14162925,16,6876,16
1.8657848245e-04,16000000,3.1410065,17,7549,16
8.2646303742e-07,16000000,3.14159525,18,6203,16
1.3181098120e-04,16000000,3.14200675,19,6741,16
5.3347594258e-05,16000000,3.14176025,20,6532,16
1.5584337761e-04,16000000,3.14208225,21,6485,16
1.1105946196e-04,16000000,3.14124375,22,6140,16
1.4790383128e-04,16000000,3.141128,23,6812,16
6.0785761595e-06,16000000,3.14161175,24,6141,16
5.8856640622e-05,16000000,3.14140775,25,6798,16
3.1782099469e-05,16000000,3.1416925,26,7031,16
2.2251003711e-05,16000000,3.14152275,27,6579,16
1.6184915046e-05,16000000,3.1416435,28,6986,16
1.8530524291e-04,16000000,3.1410105,29,6625,16
8.3507455974e-05,16000000,3.141855,30,5061,16
4.3082100428e-05,16000000,3.141728,31,6235,16
1.3724045009e-04,16000000,3.1411615,32,6455,16
6.8962979508e-05,16000000,3.141376,33,6439,16
1.6793915328e-04,16000000,3.14212025,34,6721,16
2.1202507252e-04,16000000,3.14225875,35,6797,16
9.5462277533e-05,16000000,3.14129275,36,6423,16
1.8679901404e-04,16000000,3.1421795,37,6438,16
2.1045172392e-04,16000000,3.1409315,38,6642,16
1.5059126449e-04,16000000,3.14206575,39,7281,16
1.9606746322e-05,16000000,3.14165425,40,6376,16
1.8132636933e-04,16000000,3.141023,41,6548,16
3.8246075492e-05,16000000,3.1414725,42,7223,16
8.0066363042e-06,16000000,3.1415675,43,6548,16
1.6071580420e-04,16000000,3.14108775,44,7015,16
9.3594533205e-06,16000000,3.14156325,45,7704,16
2.0084211152e-05,16000000,3.14165575,46,7485,16
8.1518019185e-05,16000000,3.14184875,47,6891,16
1.8538482038e-04,16000000,3.14101025,48,7312,16
1.5433140565e-04,16000000,3.1420775,49,6203,16
1.1822143440e-04,32000000,3.14122125,0,17940,32
8.6648439847e-06,32000000,3.141619875,1,15456,32
9.3671784423e-05,32000000,3.141298375,2,15502,32
2.3086567162e-05,32000000,3.141520125,3,11924,32
1.6423647460e-05,32000000,3.14164425,4,15252,32
2.8121535778e-05,32000000,3.141681,5,14050,32
8.8897136131e-05,32000000,3.141313375,6,15034,32
1.3588763308e-04,32000000,3.14116575,7,14079,32
1.1308868748e-04,32000000,3.141237375,8,11548,32
5.2092555541e-05,32000000,3.141429,9,11032,32
1.4772647551e-04,32000000,3.14205675,10,13502,32
1.1472002565e-04,32000000,3.14123225,11,15594,32
7.5329177232e-05,32000000,3.141356,12,15314,32
6.5958297245e-06,32000000,3.141613375,13,12408,32
1.3194854824e-04,32000000,3.141178125,14,15544,32
5.3010022716e-06,32000000,3.141576,15,16425,32
1.3505206963e-04,32000000,3.141168375,16,14108,32
4.8214847343e-05,32000000,3.141744125,17,15036,32
5.8976006829e-05,32000000,3.141407375,18,13548,32
8.4740906783e-05,32000000,3.141858875,19,15410,32
5.5217664839e-05,32000000,3.141766125,20,17471,32
4.0694776282e-05,32000000,3.1417205,21,9330,32
1.6224703782e-05,32000000,3.141643625,22,16456,32
1.7788633723e-04,32000000,3.1421515,23,18188,32
1.2130675496e-04,32000000,3.14197375,24,14175,32
6.6973542720e-05,32000000,3.14138225,25,13289,32
9.3313685801e-05,32000000,3.1412995,26,14360,32
1.0727953206e-04,32000000,3.141255625,27,14846,32
8.0284568376e-05,32000000,3.141844875,28,14705,32
9.1004138194e-09,32000000,3.141592625,29,13515,32
3.0606638223e-05,32000000,3.1414965,30,13674,32
4.1371184790e-05,32000000,3.141722625,31,13050,32
9.5401961718e-06,32000000,3.141622625,32,13643,32
3.5341497780e-05,32000000,3.141481625,33,11752,32
1.5188270486e-04,32000000,3.1411155,34,15174,32
4.4872593538e-05,32000000,3.141733625,35,13039,32
1.8717531349e-04,32000000,3.141004625,36,14735,32
7.6085163212e-05,32000000,3.141353625,37,14972,32
2.4341605879e-05,32000000,3.141669125,38,16364,32
7.4157103067e-05,32000000,3.141825625,39,14174,32
1.5685629683e-04,32000000,3.141099875,40,15347,32
3.9182804323e-05,32000000,3.14171575,41,6970,32
1.4549830631e-04,32000000,3.14204975,42,15363,32
7.6303368547e-06,32000000,3.141616625,43,13675,32
4.3121889164e-05,32000000,3.141728125,44,14283,32
3.1736405694e-04,32000000,3.140595625,45,13908,32
1.7370851997e-04,32000000,3.142138375,46,18426,32
1.3288527707e-04,32000000,3.142010125,47,16597,32
2.1256285317e-05,32000000,3.141525875,48,17191,32
5.0898893467e-05,32000000,3.14143275,49,12752,32
1.7814559672e-05,64000000,3.1415366875,0,34637,64
7.1272419723e-05,64000000,3.1418165625,1,32006,64
1.6183221506e-05,64000000,3.1415418125,2,34722,64
2.1335862788e-05,64000000,3.141525625,3,28927,64
3.4268895455e-05,64000000,3.1417003125,4,35337,64
7.5926008269e-05,64000000,3.141354125,5,34458,64
4.7637910674e-05,64000000,3.1417423125,6,38912,64
7.8991434463e-05,64000000,3.1418408125,7,33956,64
2.0501992877e-05,64000000,3.1416570625,8,32395,64
7.9449004925e-05,64000000,3.14184225,9,40395,64
2.2748362908e-05,64000000,3.1415211875,10,38003,64
6.7968261114e-05,64000000,3.141379125,11,31849,64
3.9698364347e-05,64000000,3.1414679375,12,25765,64
8.9157456453e-05,64000000,3.14187275,13,41967,64
4.1349596882e-05,64000000,3.14146275,14,31752,64
9.2738442673e-05,64000000,3.141884,15,27673,64
1.1032906475e-06,64000000,3.1415891875,16,9812,64
3.2198187654e-05,64000000,3.1414915,17,37081,64
2.0024528048e-05,64000000,3.1416555625,18,38899,64
1.1263281056e-04,64000000,3.1419465,19,36682,64
4.7419072628e-05,64000000,3.141741625,20,38817,64
5.8100654642e-05,64000000,3.141410125,21,26125,64
4.7637910674e-05,64000000,3.1417423125,22,36932,64
1.3218960690e-05,64000000,3.141551125,23,37819,64
4.7737382514e-05,64000000,3.141742625,24,39412,64
2.4121074292e-05,64000000,3.141516875,25,38146,64
4.9627980175e-06,64000000,3.1415770625,26,35917,64
6.3732454295e-05,64000000,3.141792875,27,38234,64
7.7815973218e-05,64000000,3.1413481875,28,31219,64
4.1886744815e-05,64000000,3.1414610625,29,32951,64
6.1860690173e-05,64000000,3.1413983125,30,36935,64
1.5218281392e-04,64000000,3.14207075,31,37548,64
2.6647659014e-05,64000000,3.1415089375,32,37687,64
2.5434102573e-05,64000000,3.14151275,33,37660,64
1.2526404063e-04,64000000,3.141199125,34,34903,64
3.2734702875e-06,64000000,3.1416029375,35,34832,64
7.4512875436e-06,64000000,3.1416160625,36,30894,64
1.3598879846e-04,64000000,3.142019875,37,34738,64
4.2085688494e-05,64000000,3.1414604375,38,25822,64
3.7969247882e-05,64000000,3.1417119375,39,36087,64
8.7086748653e-05,64000000,3.1413190625,40,45972,64
3.9401642369e-05,64000000,3.1417164375,41,37145,64
7.4831818035e-05,64000000,3.1413575625,42,33604,64
9.1246365082e-05,64000000,3.1418793125,43,15015,64
3.7710621099e-05,64000000,3.141711125,44,34144,64
6.9462032246e-05,64000000,3.141810875,45,30928,64
8.7068547825e-05,64000000,3.1418661875,46,39369,64
4.3000829417e-05,64000000,3.1414575625,47,28891,64
6.9322771671e-05,64000000,3.1418104375,48,30076,64
8.1834635531e-05,64000000,3.1413355625,49,11097,64
