Error,Npoint,Pi,Nlance,tempsMilis,Nproc
5.6488578131e-06,15000000,3.1416104,0,492,1
3.9678469979e-05,15000000,3.141468,1,505,1
2.3287135023e-04,15000000,3.1408610666666665,2,501,1
5.5589963412e-07,15000000,3.1415944,3,484,1
2.7545231821e-06,15000000,3.141584,4,484,1
1.3560417401e-04,15000000,3.1420186666666665,5,484,1
2.0503817052e-04,15000000,3.1422368,6,469,1
2.3296121170e-05,15000000,3.141519466666667,7,485,1
7.5923355686e-05,15000000,3.1413541333333335,8,468,1
9.6300167236e-06,15000000,3.1415624,9,485,1
1.6276661763e-04,15000000,3.142104,10,468,1
3.8320347798e-05,15000000,3.141472266666667,11,469,1
2.4823510741e-04,15000000,3.1408128,12,484,1
2.1606793440e-05,15000000,3.1416605333333334,13,469,1
1.5071328328e-04,15000000,3.1420661333333335,14,469,1
1.5520373801e-04,15000000,3.1411050666666664,15,484,1
1.0232520174e-05,15000000,3.1416248,16,485,1
1.1531722393e-04,15000000,3.1419549333333334,17,468,1
9.6383417199e-06,15000000,3.141622933333333,18,485,1
1.4434708555e-04,15000000,3.1420461333333334,19,484,1
5.3777312604e-05,15000000,3.1417616,20,468,1
1.6598717898e-05,15000000,3.1416448,21,469,1
5.5042227153e-05,15000000,3.141419733333333,22,484,1
3.1962475071e-05,15000000,3.1416930666666665,23,469,1
5.3942099041e-06,15000000,3.1416096,24,484,1
1.2550314029e-04,15000000,3.1419869333333335,25,485,1
2.1598468444e-05,15000000,3.1415248,26,468,1
1.1277074484e-04,15000000,3.141946933333333,27,485,1
1.8279891980e-04,15000000,3.1421669333333333,28,469,1
1.5410360989e-05,15000000,3.1416410666666668,29,469,1
1.3755647465e-04,15000000,3.1420248,30,484,1
2.3041473262e-05,15000000,3.141520266666667,31,469,1
2.5732587449e-04,15000000,3.142401066666667,32,484,1
5.3862195240e-05,15000000,3.1417618666666667,33,469,1
4.3328423341e-05,15000000,3.1414565333333333,34,469,1
5.6654997243e-05,15000000,3.1414146666666665,35,484,1
2.1182045643e-04,15000000,3.1409272,36,469,1
4.0187765797e-05,15000000,3.1414664,37,485,1
3.9848235252e-05,15000000,3.1414674666666667,38,484,1
1.1132774003e-04,15000000,3.1419424,39,484,1
2.2022383742e-04,15000000,3.1409008,40,469,1
3.7047108254e-05,15000000,3.1414762666666665,41,484,1
2.7030957168e-05,15000000,3.1415077333333334,42,469,1
2.4374465268e-04,15000000,3.1423584,43,469,1
2.4144947534e-05,15000000,3.1415168,44,484,1
2.4238155166e-05,15000000,3.1416688,45,469,1
1.7014806083e-05,15000000,3.1415392,46,484,1
9.2984765586e-05,15000000,3.1413005333333333,47,469,1
6.4128015399e-06,15000000,3.1416128,48,468,1
3.4678719433e-05,15000000,3.1417016,49,484,1
4.6562288517e-05,15000000,3.1417389333333334,0,235,2
1.8542693537e-05,15000000,3.1415344,1,250,2
8.6796658131e-05,15000000,3.1418653333333335,2,234,2
3.9423822070e-05,15000000,3.1414688,3,234,2
9.9605611218e-05,15000000,3.1412797333333335,4,250,2
5.8615622874e-05,15000000,3.1417768,5,250,2
6.7944387873e-05,15000000,3.1413792,6,234,2
1.1930670784e-04,15000000,3.141967466666667,7,234,2
1.7192561736e-04,15000000,3.1410525333333332,8,250,2
6.6076969874e-05,15000000,3.1413850666666665,9,251,2
1.1828811620e-04,15000000,3.1419642666666667,10,234,2
6.1832838058e-05,15000000,3.1413984,11,234,2
1.5546671091e-04,15000000,3.1420810666666665,12,250,2
1.8457313017e-04,15000000,3.1410128,13,250,2
1.3712373647e-04,15000000,3.1411618666666667,14,235,2
1.4197037174e-04,15000000,3.1420386666666666,15,234,2
1.1114964976e-04,15000000,3.141243466666667,16,250,2
1.3313425256e-04,15000000,3.1411744,17,250,2
1.2048673975e-04,15000000,3.1412141333333334,18,251,2
7.2616279031e-06,15000000,3.1416154666666665,19,234,2
1.6471059327e-04,15000000,3.1410752,20,250,2
1.1692999402e-04,15000000,3.14196,21,250,2
1.3959365792e-04,15000000,3.1420312,22,235,2
1.5750389418e-04,15000000,3.1420874666666667,23,235,2
4.6986701699e-05,15000000,3.1417402666666665,24,250,2
3.5858751345e-05,15000000,3.14148,25,234,2
3.4950009253e-04,15000000,3.1404946666666667,26,234,2
1.4323528628e-04,15000000,3.1411426666666666,27,250,2
2.4306559159e-04,15000000,3.1423562666666665,28,250,2
2.1029256897e-04,15000000,3.140932,29,250,2
9.4682418312e-05,15000000,3.1412952,30,234,2
7.3554966866e-05,15000000,3.141823733333333,31,234,2
4.1384447702e-05,15000000,3.141722666666667,32,234,2
2.8634741111e-04,15000000,3.1406930666666666,33,250,2
1.1064867894e-04,15000000,3.1419402666666665,34,250,2
1.7821525744e-04,15000000,3.1421525333333333,35,235,2
6.0992336691e-05,15000000,3.141784266666667,36,234,2
1.3525631847e-04,15000000,3.1411677333333334,37,250,2
2.7200722441e-05,15000000,3.1415072,38,250,2
7.7968863954e-05,15000000,3.1418376,39,235,2
1.8466135897e-05,15000000,3.1416506666666666,40,250,2
7.4313931757e-06,15000000,3.141616,41,250,2
6.2851429694e-05,15000000,3.1413952,42,234,2
1.6403153218e-04,15000000,3.1410773333333335,43,250,2
2.6673952212e-04,15000000,3.1407546666666666,44,250,2
2.8477308147e-06,15000000,3.1416016,45,250,2
6.4642290053e-05,15000000,3.1417957333333333,46,234,2
1.5809807264e-04,15000000,3.1420893333333333,47,234,2
5.0882977973e-05,15000000,3.1414328,48,250,2
1.0563725723e-05,15000000,3.1415594666666666,49,234,2
5.1731804336e-05,15000000,3.1414301333333334,0,125,4
2.2863554341e-04,15000000,3.1423109333333334,1,109,4
2.8167886612e-04,15000000,3.1407077333333335,2,109,4
1.8203162992e-05,15000000,3.141535466666667,3,125,4
1.5690971573e-04,15000000,3.1420856,4,125,4
7.7026829958e-05,15000000,3.141350666666667,5,125,4
1.0953687967e-04,15000000,3.1412485333333335,6,125,4
1.5096793119e-04,15000000,3.1420669333333335,7,125,4
1.7431065617e-04,15000000,3.1421402666666665,8,125,4
3.2659010572e-04,15000000,3.1426186666666664,9,125,4
1.1675524992e-05,15000000,3.1416293333333334,10,125,4
8.3987206136e-05,15000000,3.1413288,11,125,4
7.7111712595e-05,15000000,3.1413504,12,125,4
9.2056035421e-06,15000000,3.1415637333333333,13,125,4
7.4904764051e-05,15000000,3.141357333333333,14,125,4
1.5062007564e-04,15000000,3.141119466666667,15,125,4
1.9934270889e-04,15000000,3.1409664,16,125,4
1.4536567719e-04,15000000,3.1420493333333335,17,110,4
1.4511102928e-04,15000000,3.1420485333333334,18,125,4
6.2347112711e-06,15000000,3.1415730666666666,19,125,4
4.7572555157e-05,15000000,3.1414432,20,125,4
5.1825011969e-05,15000000,3.1417554666666665,21,125,4
1.6667121890e-04,15000000,3.1421162666666667,22,125,4
1.3611346983e-04,15000000,3.1420202666666666,23,125,4
5.8186230857e-06,15000000,3.1416109333333333,24,125,4
1.6845040810e-05,15000000,3.1415397333333335,25,125,4
3.6283164527e-05,15000000,3.1414786666666665,26,125,4
2.3890299625e-05,15000000,3.1415176,27,125,4
8.9504577497e-05,15000000,3.1413114666666666,28,125,4
9.7322105034e-05,15000000,3.1418984,29,125,4
2.0842849714e-05,15000000,3.1416581333333333,30,125,4
2.4654243352e-05,15000000,3.1415152,31,125,4
5.9625889514e-05,15000000,3.141405333333333,32,109,4
1.9051989355e-05,15000000,3.1415328,33,109,4
1.0233018058e-04,15000000,3.141914133333333,34,125,4
2.3626665569e-04,15000000,3.1408504,35,125,4
6.8538566327e-05,15000000,3.1413773333333332,36,125,4
1.6064455173e-04,15000000,3.1420973333333335,37,124,4
1.2363572229e-04,15000000,3.1419810666666668,38,125,4
9.4685764474e-06,15000000,3.1416224,39,125,4
5.1485481424e-05,15000000,3.1417544,40,125,4
2.6903135330e-04,15000000,3.140747466666667,41,109,4
1.0606501657e-04,15000000,3.1419258666666665,42,109,4
5.7928236787e-05,15000000,3.141410666666667,43,125,4
6.4044765436e-06,15000000,3.1415725333333335,44,125,4
1.5614577200e-04,15000000,3.1420832,45,125,4
1.4654570910e-04,15000000,3.141132266666667,46,125,4
7.8902572954e-05,15000000,3.1418405333333332,47,125,4
2.7540252986e-05,15000000,3.1415061333333334,48,125,4
1.5962596009e-04,15000000,3.1420941333333334,49,125,4
2.5273388713e-04,15000000,3.1407986666666665,0,78,8
7.9496751408e-05,15000000,3.1418424,1,63,8
6.2257251239e-05,15000000,3.141397066666667,2,62,8
5.8267767333e-05,15000000,3.1414096,3,63,8
5.0546793589e-06,15000000,3.1416085333333332,4,63,8
3.7394963795e-05,15000000,3.1417101333333335,5,63,8
1.7778251927e-04,15000000,3.141034133333333,6,78,8
2.4416906586e-04,15000000,3.1423597333333335,7,63,8
8.8324545585e-05,15000000,3.141870133333333,8,62,8
1.3678420592e-04,15000000,3.1411629333333333,9,62,8
9.2314029491e-05,15000000,3.1418826666666666,10,79,8
8.2883731864e-05,15000000,3.1413322666666668,11,62,8
3.6291489523e-05,15000000,3.141706666666667,12,78,8
1.4781894865e-04,15000000,3.1411282666666667,13,110,8
1.6089919963e-04,15000000,3.1420981333333335,14,93,8
9.5963982853e-05,15000000,3.1418941333333334,15,63,8
2.8821817527e-05,15000000,3.1416832,16,78,8
2.5333639058e-04,15000000,3.1423885333333335,17,62,8
3.1962140455e-04,15000000,3.140588533333333,18,78,8
1.9289162853e-04,15000000,3.1409866666666666,19,63,8
7.8215186867e-05,15000000,3.1413469333333333,20,63,8
1.3967356172e-05,15000000,3.141636533333333,21,63,8
1.2515528475e-04,15000000,3.1411994666666665,22,62,8
3.7731148180e-06,15000000,3.1415808,23,63,8
1.8389406908e-04,15000000,3.1410149333333335,24,62,8
7.7459568136e-05,15000000,3.141836,25,62,8
2.1606458824e-04,15000000,3.1409138666666667,26,63,8
2.1716806252e-04,15000000,3.1409104,27,62,8
2.1623435352e-04,15000000,3.1409133333333332,28,63,8
3.2293680620e-05,15000000,3.1414912,29,62,8
4.8849140863e-06,15000000,3.141608,30,63,8
1.3822721074e-04,15000000,3.1411584,31,62,8
2.1232975225e-04,15000000,3.1409256,32,47,8
5.8360974965e-05,15000000,3.141776,33,78,8
2.6020690529e-05,15000000,3.1416744,34,63,8
1.6743516263e-04,15000000,3.1421186666666667,35,62,8
6.2347112711e-06,15000000,3.1415730666666666,36,78,8
3.8583320704e-05,15000000,3.1417138666666666,37,63,8
1.4358314183e-04,15000000,3.1420437333333333,38,47,8
1.0988138905e-05,15000000,3.141558133333333,39,94,8
2.6946074532e-05,15000000,3.141508,40,62,8
1.5020398746e-04,15000000,3.1420645333333335,41,78,8
8.9512902493e-05,15000000,3.141873866666667,42,63,8
5.5806170879e-05,15000000,3.1414173333333335,43,62,8
4.2055183796e-05,15000000,3.1414605333333334,44,63,8
5.1909894605e-05,15000000,3.1417557333333335,45,78,8
5.1731804336e-05,15000000,3.1414301333333334,46,78,8
9.9860259127e-05,15000000,3.1412789333333335,47,124,8
1.1047058867e-04,15000000,3.1412456,48,125,8
1.1462983785e-04,15000000,3.1412325333333335,49,79,8
1.2821105966e-04,15000000,3.1411898666666667,0,63,16
6.8288897253e-06,15000000,3.1415712,1,78,16
1.3882971419e-04,15000000,3.1420288,2,62,16
3.0264822345e-05,15000000,3.1416877333333333,3,78,16
2.0197407062e-04,15000000,3.140958133333333,4,62,16
1.0097205840e-04,15000000,3.1419098666666665,5,63,16
9.7907958492e-05,15000000,3.1412850666666667,6,62,16
2.6182130805e-05,15000000,3.1415104,7,63,16
1.2142877375e-04,15000000,3.1419741333333335,8,62,16
7.5838473050e-05,15000000,3.1413544,9,62,16
9.3409178767e-05,15000000,3.1412992,10,63,16
5.2079659878e-05,15000000,3.1417562666666665,11,63,16
5.6570114606e-05,15000000,3.1414149333333334,12,93,16
1.8525219126e-04,15000000,3.141010666666667,13,95,16
2.6937920885e-04,15000000,3.142438933333333,14,78,16
2.9458935183e-04,15000000,3.142518133333333,15,62,16
9.7406987670e-05,15000000,3.1418986666666666,16,63,16
9.4181447490e-05,15000000,3.1418885333333333,17,78,16
1.6149337809e-04,15000000,3.1421,18,63,16
6.6509708051e-05,15000000,3.1418016,19,63,16
1.3398307893e-04,15000000,3.1411717333333335,20,62,16
1.1217656639e-04,15000000,3.1419450666666666,21,78,16
2.0078905987e-05,15000000,3.1416557333333333,22,78,16
6.0732709947e-06,15000000,3.1416117333333333,23,63,16
2.0325228899e-05,15000000,3.1415288,24,78,16
1.5623065464e-04,15000000,3.1420834666666666,25,78,16
9.0022198311e-05,15000000,3.141875466666667,26,63,16
3.2947611536e-04,15000000,3.1426277333333332,27,62,16
2.0511472816e-04,15000000,3.140948266666667,28,94,16
4.5034401064e-05,15000000,3.1417341333333333,29,62,16
1.8457810900e-05,15000000,3.141534666666667,30,63,16
3.7038122107e-04,15000000,3.1404290666666665,31,63,16
1.7142464654e-04,15000000,3.1421312,32,62,16
3.5272897887e-05,15000000,3.1417034666666668,33,63,16
2.8498928893e-04,15000000,3.1406973333333332,34,78,16
2.3525638905e-04,15000000,3.142331733333333,35,62,16
1.2422157575e-04,15000000,3.1412024,36,63,16
2.7879783532e-05,15000000,3.141505066666667,37,78,16
1.3186933801e-04,15000000,3.142006933333333,38,62,16
5.4757463797e-07,15000000,3.141590933333333,39,63,16
1.2328786675e-04,15000000,3.141205333333333,40,62,16
2.2192646898e-05,15000000,3.1415229333333334,41,78,16
1.3517143583e-04,15000000,3.141168,42,63,16
2.1012614986e-05,15000000,3.141658666666667,43,62,16
5.7079410424e-05,15000000,3.1414133333333334,44,62,16
1.9076956262e-04,15000000,3.1409933333333333,45,63,16
1.6929923447e-05,15000000,3.1415394666666665,46,78,16
3.7904259613e-05,15000000,3.1417117333333335,47,62,16
1.1956135575e-04,15000000,3.141968266666667,48,63,16
1.3228542620e-04,15000000,3.1411770666666667,49,62,16
1.0165111949e-04,15000000,3.141912,0,78,32
2.8320675357e-04,15000000,3.1407029333333334,1,78,32
1.3339722547e-04,15000000,3.1420117333333333,2,78,32
7.8987455590e-05,15000000,3.1418408,3,78,32
1.8262915453e-04,15000000,3.1421664,4,79,32
6.4973495602e-05,15000000,3.141388533333333,5,62,32
8.0769990952e-05,15000000,3.1418464,6,78,32
1.5749556919e-04,15000000,3.1410978666666667,7,63,32
2.2726909624e-04,15000000,3.1408786666666666,8,62,32
3.4415746528e-05,15000000,3.141484533333333,9,78,32
1.2686126247e-04,15000000,3.1419912,10,63,32
6.6161852510e-05,15000000,3.1413848,11,62,32
1.7235835554e-04,15000000,3.1421341333333332,12,62,32
5.4757463797e-07,15000000,3.141590933333333,13,63,32
2.3321088078e-04,15000000,3.14086,14,63,32
6.5992087237e-05,15000000,3.1413853333333335,15,62,32
2.0171942271e-04,15000000,3.140958933333333,16,63,32
1.1743096484e-04,15000000,3.1412237333333333,17,62,32
4.2182009867e-04,15000000,3.140267466666667,18,78,32
6.7358534415e-05,15000000,3.1418042666666666,19,78,32
4.8599471789e-05,15000000,3.141745333333333,20,63,32
2.3983507257e-05,15000000,3.141668,21,62,32
2.1522408688e-04,15000000,3.1422688,22,62,32
6.4812055325e-05,15000000,3.141796266666667,23,63,32
9.8671902219e-05,15000000,3.1412826666666667,24,79,32
1.2694614511e-04,15000000,3.1419914666666666,25,78,32
4.0535621339e-05,15000000,3.14172,26,63,32
1.2923797629e-04,15000000,3.141998666666667,27,78,32
1.8414871699e-04,15000000,3.1410141333333335,28,62,32
1.6743516263e-04,15000000,3.1421186666666667,29,63,32
2.0427422679e-04,15000000,3.1422344,30,63,32
6.4642290053e-05,15000000,3.1417957333333333,31,62,32
1.5104448883e-04,15000000,3.1411181333333333,32,79,32
1.1921847904e-05,15000000,3.1415552,33,78,32
5.3344574426e-05,15000000,3.1414250666666668,34,78,32
1.4047259974e-06,15000000,3.141597066666667,35,79,32
3.2047357707e-05,15000000,3.1416933333333334,36,78,32
4.6044667703e-05,15000000,3.141448,37,78,32
2.1686697241e-06,15000000,3.1415994666666665,38,78,32
3.4848484706e-05,15000000,3.1417021333333333,39,94,32
1.4578176537e-04,15000000,3.141134666666667,40,78,32
6.7350209418e-05,15000000,3.141381066666667,41,63,32
2.2795150349e-05,15000000,3.1416642666666665,42,93,32
2.2412843869e-04,15000000,3.1408885333333334,43,63,32
1.7277778988e-05,15000000,3.1416469333333334,44,62,32
1.0911581265e-05,15000000,3.1416269333333333,45,63,32
2.3728859348e-05,15000000,3.1416672,46,62,32
2.3384349968e-06,15000000,3.1416,47,78,32
3.6368047163e-05,15000000,3.1414784,48,63,32
1.9959735680e-04,15000000,3.1409656,49,78,32
1.5825951291e-04,15000000,3.1410954666666666,0,62,64
5.8106327056e-05,15000000,3.1417752,1,78,64
1.7244323817e-04,15000000,3.1421344,2,78,64
1.4896086337e-06,15000000,3.1415973333333334,3,63,64
2.3301100005e-06,15000000,3.1415853333333335,4,62,64
2.3381003807e-05,15000000,3.1415192,5,78,64
6.4718847693e-05,15000000,3.141389333333333,6,63,64
2.3508662377e-04,15000000,3.1423312,7,63,64
9.8340696670e-05,15000000,3.1419016,8,78,64
9.8081069926e-06,15000000,3.1416234666666667,9,62,64
2.3261670233e-04,15000000,3.1408618666666666,10,78,64
5.0042476606e-05,15000000,3.141749866666667,11,63,64
2.0613331979e-04,15000000,3.1409450666666667,12,78,64
1.2635196665e-04,15000000,3.1419896,13,78,64
2.0274633934e-04,15000000,3.1422296,14,63,64
1.6853031191e-04,15000000,3.1410632,15,78,64
9.9520728582e-05,15000000,3.14128,16,62,64
1.6471059327e-04,15000000,3.1410752,17,78,64
1.0571716103e-04,15000000,3.1412605333333334,18,78,64
2.7030957168e-05,15000000,3.1415077333333334,19,63,64
8.6703450498e-05,15000000,3.141320266666667,20,78,64
1.3198433610e-06,15000000,3.1415968,21,78,64
8.1873465225e-05,15000000,3.1418498666666665,22,63,64
4.1885418524e-05,15000000,3.1414610666666665,23,78,64
2.5494916067e-04,15000000,3.1423936,24,78,64
1.1590307739e-04,15000000,3.1412285333333334,25,78,64
1.4043415929e-04,15000000,3.1411514666666664,26,62,64
3.1789363636e-06,15000000,3.141582666666667,27,79,64
1.3534952610e-04,15000000,3.1420178666666665,28,78,64
8.4844357496e-05,15000000,3.1418592,29,62,64
4.1893743520e-05,15000000,3.1417242666666665,30,62,64
2.0078571371e-04,15000000,3.1409618666666668,31,62,64
1.0716849085e-04,15000000,3.141929333333333,32,78,64
1.3364354838e-04,15000000,3.1411728,33,63,64
9.6549836311e-05,15000000,3.1412893333333334,34,94,64
5.1986452245e-05,15000000,3.1414293333333334,35,78,64
5.0042476606e-05,15000000,3.141749866666667,36,63,64
7.5668707777e-05,15000000,3.1413549333333335,37,78,64
2.9492553622e-05,15000000,3.1415,38,62,64
1.7083046808e-04,15000000,3.1421293333333336,39,79,64
5.5891053516e-05,15000000,3.1414170666666665,40,78,64
2.0444399206e-04,15000000,3.1422349333333335,41,62,64
1.0648608359e-05,15000000,3.1415592,42,78,64
7.2533029069e-06,15000000,3.1415698666666665,43,63,64
7.8902572954e-05,15000000,3.1418405333333332,44,63,64
2.2116089258e-05,15000000,3.1416621333333334,45,62,64
4.2318156701e-05,15000000,3.1417256,46,62,64
4.1044917157e-05,15000000,3.1417216,47,79,64
9.9698818851e-05,15000000,3.141905866666667,48,62,64
4.7920410698e-05,15000000,3.1417432,49,78,64
2.1114972033e-04,1000000,3.142256,0,47,1
5.6256383468e-04,1000000,3.14336,1,31,1
5.9634214510e-05,1000000,3.14178,2,31,1
3.6011874707e-04,1000000,3.142724,3,32,1
5.6001735559e-04,1000000,3.143352,4,31,1
8.0957230636e-04,1000000,3.144136,5,31,1
3.0765793166e-05,1000000,3.141496,6,31,1
1.0642202153e-03,1000000,3.144936,7,31,1
1.5640041991e-04,1000000,3.142084,8,47,1
4.5561171292e-04,1000000,3.143024,9,31,1
9.0191963584e-05,1000000,3.141876,10,32,1
7.8325036410e-04,1000000,3.139132,11,31,1
1.7295253399e-04,1000000,3.142136,12,31,1
7.6602416777e-05,1000000,3.141352,13,31,1
4.2887368248e-04,1000000,3.14294,14,31,1
3.4525596072e-04,1000000,3.140508,15,32,1
3.3210747708e-04,1000000,3.142636,16,31,1
7.1093370412e-05,1000000,3.141816,17,32,1
2.0010665262e-04,1000000,3.140964,18,31,1
2.5358271349e-04,1000000,3.140796,19,31,1
5.8360974965e-05,1000000,3.141776,20,31,1
6.6000412234e-05,1000000,3.1418,21,31,1
1.5230025396e-03,1000000,3.136808,22,31,1
3.5442663160e-05,1000000,3.141704,23,32,1
4.7725678518e-04,1000000,3.143092,24,47,1
1.5808974764e-04,1000000,3.141096,25,31,1
1.0005582381e-03,1000000,3.144736,26,31,1
1.3093562902e-04,1000000,3.142004,27,31,1
1.1660793789e-03,1000000,3.145256,28,47,1
1.9841732489e-04,1000000,3.142216,29,31,1
6.5719964918e-04,1000000,3.139528,30,32,1
7.2366609957e-05,1000000,3.14182,31,31,1
3.1622944526e-05,1000000,3.141692,32,47,1
1.0323892267e-03,1000000,3.144836,33,31,1
2.7395454621e-04,1000000,3.140732,34,32,1
5.8293566740e-04,1000000,3.143424,35,32,1
5.2410865427e-05,1000000,3.141428,36,47,1
7.1093370412e-05,1000000,3.141816,37,31,1
1.3389819629e-04,1000000,3.141172,38,31,1
1.1607284266e-04,1000000,3.141228,39,32,1
2.4934690668e-04,1000000,3.142376,40,31,1
2.2710267713e-05,1000000,3.141664,41,32,1
1.2940439540e-05,1000000,3.141552,42,31,1
8.1695374956e-05,1000000,3.141336,43,31,1
6.6416500419e-05,1000000,3.141384,44,31,1
1.6190946627e-04,1000000,3.141084,45,31,1
1.1317019112e-03,1000000,3.145148,46,32,1
4.9804470608e-04,1000000,3.140028,47,31,1
7.3827089185e-04,1000000,3.143912,48,31,1
9.4071597947e-04,1000000,3.144548,49,31,1
4.0700807864e-04,2000000,3.140314,0,31,2
2.7268130667e-04,2000000,3.140736,1,31,2
7.4692557460e-05,2000000,3.141358,2,31,2
2.8923342075e-04,2000000,3.140684,3,31,2
3.9678469979e-05,2000000,3.141468,4,31,2
5.4515456924e-04,2000000,3.13988,5,32,2
8.2331994728e-05,2000000,3.141334,6,31,2
4.1550466726e-04,2000000,3.142898,7,47,2
6.8546891323e-05,2000000,3.141808,8,31,2
1.5070830444e-05,2000000,3.14164,9,31,2
1.6827566400e-04,2000000,3.141064,10,31,2
3.2383142004e-04,2000000,3.14261,11,31,2
3.8367367864e-04,2000000,3.142798,12,32,2
5.9566806284e-04,2000000,3.143464,13,31,2
1.4026439401e-04,2000000,3.141152,14,31,2
3.5222131573e-05,2000000,3.141482,15,31,2
4.2760044294e-04,2000000,3.142936,16,31,2
1.1289349005e-03,2000000,3.138046,17,31,2
2.4212355759e-04,2000000,3.140832,18,47,2
2.3126355898e-05,2000000,3.14152,19,31,2
4.8935256086e-04,2000000,3.14313,20,32,2
2.4489056827e-04,2000000,3.142362,21,31,2
5.0526805517e-04,2000000,3.14318,22,31,2
2.1602214693e-04,2000000,3.140914,23,31,2
8.6410107520e-04,2000000,3.138878,24,31,2
1.3160971127e-05,2000000,3.141634,25,47,2
2.6695172871e-04,2000000,3.140754,26,31,2
9.4011682218e-05,2000000,3.141888,27,32,2
5.3010022716e-06,2000000,3.141576,28,31,2
3.7667086115e-04,2000000,3.142776,29,32,2
7.6822948364e-05,2000000,3.141834,30,31,2
3.5858751345e-05,2000000,3.14148,31,31,2
5.6488978218e-04,2000000,3.139818,32,31,2
1.9841732489e-04,2000000,3.142216,33,31,2
4.3718720201e-05,2000000,3.14173,34,32,2
1.3921168606e-04,2000000,3.14203,35,31,2
7.8512276094e-05,2000000,3.141346,36,47,2
2.3384750055e-04,2000000,3.140858,37,31,2
5.2414611675e-04,2000000,3.139946,38,31,2
4.0277227182e-04,2000000,3.142858,39,31,2
9.2480048516e-04,2000000,3.144498,40,31,2
3.9194973569e-04,2000000,3.142824,41,32,2
4.3247286953e-04,2000000,3.140234,42,31,2
3.1533483141e-04,2000000,3.140602,43,31,2
3.4806043388e-05,2000000,3.141702,44,31,2
1.5936298718e-04,2000000,3.141092,45,31,2
2.2388211578e-04,2000000,3.142296,46,31,2
5.8908133353e-04,2000000,3.139742,47,48,2
4.4355339973e-05,2000000,3.141732,48,31,2
1.4663059174e-04,2000000,3.141132,49,31,2
1.4376580276e-04,4000000,3.141141,0,31,4
6.3714612635e-04,4000000,3.139591,1,31,4
3.1622944526e-05,4000000,3.141692,2,31,4
4.1588329296e-05,4000000,3.141462,3,32,4
5.0781453426e-04,4000000,3.143188,4,47,4
2.4520887816e-04,4000000,3.142363,5,31,4
2.7162859871e-04,4000000,3.142446,6,31,4
5.3268016786e-05,4000000,3.14176,7,47,4
5.4541256331e-05,4000000,3.141764,8,31,4
1.6181168797e-04,4000000,3.142101,9,31,4
2.6309454760e-05,4000000,3.14151,10,32,4
8.4780695518e-05,4000000,3.141859,11,31,4
3.6715902705e-05,4000000,3.141708,12,32,4
3.3656381549e-04,4000000,3.14265,13,31,4
1.5389140330e-05,4000000,3.141641,14,47,4
1.8514608797e-04,4000000,3.141011,15,31,4
1.6732073434e-04,4000000,3.141067,16,31,4
8.5099005405e-05,4000000,3.14186,17,47,4
3.9996779866e-05,4000000,3.141467,18,31,4
1.2234126209e-04,4000000,3.141977,19,32,4
2.2642859487e-04,4000000,3.142304,20,31,4
6.4627933475e-04,4000000,3.143623,21,31,4
4.1359480795e-04,4000000,3.142892,22,31,4
7.3639849502e-05,4000000,3.141824,23,31,4
3.9580691680e-05,4000000,3.141717,24,31,4
3.4267201914e-05,4000000,3.141485,25,31,4
2.5644750247e-04,4000000,3.140787,26,31,4
5.1774245654e-05,4000000,3.14143,27,31,4
1.1030580223e-05,4000000,3.141558,28,32,4
2.4301817143e-05,4000000,3.141669,29,32,4
1.2361450163e-04,4000000,3.141981,30,31,4
1.1724830391e-04,4000000,3.141961,31,31,4
1.9141450739e-04,4000000,3.142194,32,47,4
7.6602416777e-05,4000000,3.141352,33,31,4
2.8054127552e-04,4000000,3.142474,34,31,4
1.2403058982e-04,4000000,3.141203,35,47,4
1.3507365754e-04,4000000,3.142017,36,32,4
2.3983507257e-05,4000000,3.141668,37,31,4
1.2721368868e-04,4000000,3.141193,38,31,4
5.2191794755e-04,4000000,3.139953,39,31,4
3.1851793028e-04,4000000,3.140592,40,31,4
3.6053483525e-04,4000000,3.14046,41,31,4
3.4016300254e-04,4000000,3.140524,42,31,4
4.1910385431e-04,4000000,3.140276,43,31,4
2.4107084963e-04,4000000,3.14235,44,32,4
5.0377428404e-04,4000000,3.14001,45,47,4
1.5767365945e-04,4000000,3.142088,46,31,4
3.3570666413e-04,4000000,3.140538,47,31,4
2.5253000554e-04,4000000,3.142386,48,31,4
6.1544073827e-05,4000000,3.141786,49,31,4
1.9953140949e-04,8000000,3.1422195,0,31,8
4.4196185030e-05,8000000,3.1417315,1,47,8
8.1438441713e-05,8000000,3.1418485,2,47,8
3.9519315036e-05,8000000,3.1414685,3,31,8
9.2358756143e-05,8000000,3.1413025,4,32,8
7.6982103307e-05,8000000,3.1418345,5,31,8
1.9465792207e-05,8000000,3.1415315,6,32,8
4.4966160338e-04,8000000,3.14018,7,47,8
1.3230664686e-04,8000000,3.141177,8,31,8
1.4408411265e-04,8000000,3.14114,9,47,8
1.8339538359e-04,8000000,3.1410165,10,31,8
3.9290466534e-04,8000000,3.142827,11,31,8
1.3548974572e-04,8000000,3.141167,12,47,8
1.0700101091e-04,8000000,3.1412565,13,31,8
4.3498188614e-05,8000000,3.141456,14,47,8
1.2116580084e-04,8000000,3.141212,15,31,8
1.3485312595e-04,8000000,3.141169,16,32,8
8.5992558419e-05,8000000,3.1413225,17,31,8
1.9698493040e-04,8000000,3.1422115,18,32,8
2.5851651673e-04,8000000,3.1407805,19,48,8
9.6239851421e-05,8000000,3.141895,20,34,8
1.5168608743e-05,8000000,3.141545,21,31,8
1.3357988640e-04,8000000,3.141173,22,31,8
1.5194408150e-04,8000000,3.14207,23,31,8
4.1369258625e-04,8000000,3.140293,24,31,8
6.4188331216e-05,8000000,3.141391,25,32,8
1.2854830487e-04,8000000,3.1419965,26,32,8
6.5461570760e-05,8000000,3.141387,27,31,8
1.4096239043e-04,8000000,3.1420355,28,32,8
1.0779678562e-04,8000000,3.141254,29,31,8
9.9839038468e-05,8000000,3.141279,30,31,8
3.3497226606e-04,8000000,3.142645,31,47,8
1.7862073530e-04,8000000,3.1410315,32,31,8
1.1670946244e-04,8000000,3.141226,33,31,8
1.9825816994e-04,8000000,3.1422155,34,31,8
2.4737567071e-04,8000000,3.1408155,35,31,8
4.0694776282e-05,8000000,3.1417205,36,31,8
2.2620806328e-04,8000000,3.140882,37,63,8
2.0542014238e-04,8000000,3.142238,38,31,8
4.2069540374e-04,8000000,3.140271,39,32,8
1.8944327143e-04,8000000,3.1409975,40,31,8
8.1597596657e-05,8000000,3.141849,41,31,8
6.4665796045e-05,8000000,3.1413895,42,47,8
4.4399340208e-04,8000000,3.1429875,43,31,8
1.2918492464e-04,8000000,3.1419985,44,47,8
9.3313685801e-05,8000000,3.1412995,45,31,8
7.1350303655e-05,8000000,3.1413685,46,31,8
2.6345031997e-04,8000000,3.140765,47,47,8
2.1162718516e-04,8000000,3.1422575,48,31,8
1.9310383512e-04,8000000,3.140986,49,31,8
1.0031650330e-04,16000000,3.1412775,0,78,16
1.3507365754e-04,16000000,3.142017,1,63,16
1.4334971458e-04,16000000,3.142043,2,78,16
8.9615659628e-06,16000000,3.1415645,3,78,16
1.2180242061e-04,16000000,3.14121,4,78,16
1.0507295076e-04,16000000,3.14192275,5,78,16
3.8781170717e-04,16000000,3.142811,6,94,16
5.7565200250e-05,16000000,3.1417735,7,78,16
9.2897597616e-05,16000000,3.1418845,8,63,16
1.4311098216e-04,16000000,3.14204225,9,63,16
3.7909564778e-05,16000000,3.14171175,10,62,16
1.3190875950e-04,16000000,3.14117825,11,79,16
4.4514494916e-05,16000000,3.1417325,12,78,16
1.8801087694e-04,16000000,3.141002,13,62,16
1.6203115873e-05,16000000,3.14154175,14,63,16
4.4055230915e-05,16000000,3.14145425,15,78,16
1.6580876238e-04,16000000,3.14107175,16,78,16
1.5713481798e-04,16000000,3.141099,17,63,16
2.3917919115e-04,16000000,3.14084125,18,78,16
2.0374901548e-04,16000000,3.14223275,19,78,16
4.2463681484e-05,16000000,3.14145925,20,62,16
1.0276520409e-04,16000000,3.1419155,21,79,16
1.3588763308e-04,16000000,3.14116575,22,62,16
5.2490442898e-05,16000000,3.14142775,23,62,16
2.4918775173e-04,16000000,3.1423755,24,63,16
1.1376509599e-04,16000000,3.14123525,25,78,16
1.6541087502e-04,16000000,3.141073,26,78,16
5.2251710484e-05,16000000,3.1414285,27,63,16
1.9624947150e-05,16000000,3.141531,28,62,16
2.0806439977e-04,16000000,3.140939,29,63,16
2.4831239955e-04,16000000,3.14237275,30,78,16
9.2181400372e-05,16000000,3.14188225,31,62,16
1.0881309193e-04,16000000,3.1419345,32,62,16
1.9214890546e-04,16000000,3.140989,33,78,16
1.9404056395e-04,16000000,3.14220225,34,63,16
3.7750409835e-05,16000000,3.14171125,35,78,16
1.2528562854e-04,16000000,3.14198625,36,78,16
4.9846185510e-05,16000000,3.14174925,37,63,16
6.9281289395e-05,16000000,3.141375,38,78,16
1.1567495531e-04,16000000,3.14122925,39,78,16
3.5681395575e-05,16000000,3.14170475,40,62,16
1.2928270294e-04,16000000,3.1411865,41,78,16
1.3395957293e-04,16000000,3.1420135,42,78,16
9.7194781080e-05,16000000,3.141898,43,63,16
1.3399703542e-05,16000000,3.14163475,44,78,16
3.3771536258e-05,16000000,3.14169875,45,63,16
1.5385394082e-04,16000000,3.142076,46,63,16
9.6399006364e-05,16000000,3.1418955,47,78,16
9.8561798054e-07,16000000,3.14159575,48,62,16
2.0322943566e-05,16000000,3.1416565,49,78,16
1.6002119487e-04,32000000,3.142095375,0,141,32
1.8293718042e-05,32000000,3.141650125,1,141,32
1.6521193134e-04,32000000,3.141073625,2,125,32
3.8878694390e-07,32000000,3.141593875,3,141,32
6.6933753984e-05,32000000,3.141382375,4,140,32
5.4421890124e-05,32000000,3.141763625,5,141,32
5.4978932424e-05,32000000,3.141765375,6,141,32
7.7079881606e-05,32000000,3.1413505,7,140,32
7.4254881366e-05,32000000,3.141359375,8,125,32
1.4513788143e-05,32000000,3.14163825,9,125,32
6.1979423668e-06,32000000,3.141612125,10,125,32
7.1928933864e-05,32000000,3.141818625,11,141,32
3.4903821687e-05,32000000,3.141483,12,141,32
2.1015500194e-04,32000000,3.142252875,13,156,32
3.4267201914e-05,32000000,3.141485,14,125,32
1.7738728449e-04,32000000,3.141035375,15,156,32
1.9704524621e-05,32000000,3.14153075,16,141,32
3.0920947241e-07,32000000,3.141593625,17,140,32
8.6451822421e-05,32000000,3.14186425,18,141,32
1.2468879750e-04,32000000,3.141984375,19,140,32
3.8347240871e-05,32000000,3.141713125,20,141,32
7.3440905823e-05,32000000,3.141823375,21,125,32
7.0058863282e-05,32000000,3.14181275,22,125,32
9.1403826484e-05,32000000,3.1413055,23,141,32
6.1920373277e-05,32000000,3.141398125,24,125,32
6.1822594977e-05,32000000,3.141786875,25,141,32
7.1787979748e-05,32000000,3.141367125,26,125,32
9.5165555555e-05,32000000,3.141891625,27,125,32
2.0339091686e-04,32000000,3.142231625,28,125,32
8.0939388976e-05,32000000,3.141338375,29,125,32
2.0404573746e-04,32000000,3.140951625,30,140,32
2.3975782135e-04,32000000,3.142345875,31,141,32
3.2137871839e-06,32000000,3.14160275,32,140,32
2.4877060272e-05,32000000,3.1415145,33,141,32
5.7204775376e-06,32000000,3.141610625,34,141,32
1.4547671840e-04,32000000,3.141135625,35,140,32
1.6640791967e-05,32000000,3.141540375,36,141,32
3.3391849727e-05,32000000,3.14148775,37,140,32
1.1048421883e-04,32000000,3.14193975,38,125,32
5.2410865427e-05,32000000,3.141428,39,140,32
5.2233509656e-05,32000000,3.14175675,40,141,32
1.8731394135e-05,32000000,3.1416515,41,140,32
5.3225901797e-06,32000000,3.141609375,42,141,32
1.2365196412e-05,32000000,3.1416315,43,141,32
1.0057449737e-05,32000000,3.14162425,44,140,32
3.6318015347e-05,32000000,3.14170675,45,141,32
1.0620523619e-04,32000000,3.141259,46,125,32
7.4873300311e-05,32000000,3.141827875,47,141,32
2.3564031991e-05,32000000,3.141518625,48,125,32
5.5018721160e-05,32000000,3.1417655,49,141,32
2.5473891309e-05,64000000,3.141512625,0,265,64
3.8128402825e-05,64000000,3.1417124375,1,266,64
4.1548540561e-05,64000000,3.141462125,2,297,64
5.0202590591e-05,64000000,3.1414349375,3,265,64
7.4296996354e-06,64000000,3.1415693125,4,281,64
8.4062172021e-06,64000000,3.1416190625,5,281,64
9.5342911326e-05,64000000,3.141293125,6,281,64
1.1147724368e-04,64000000,3.1412424375,7,282,64
2.8141430146e-05,64000000,3.1416810625,8,312,64
3.9698364347e-05,64000000,3.1414679375,9,282,64
5.6270372797e-05,64000000,3.141415875,10,281,64
1.6716157940e-04,64000000,3.1410675,11,266,64
5.2928118992e-05,64000000,3.141426375,12,297,64
3.9103226851e-05,64000000,3.1417155,13,266,64
5.0084917924e-05,64000000,3.14175,14,266,64
2.5314736365e-05,64000000,3.141513125,15,281,64
1.8574291900e-04,64000000,3.141009125,16,281,64
1.1917805759e-04,64000000,3.1419670625,17,281,64
3.4069951776e-05,64000000,3.1416996875,18,282,64
6.4963578850e-06,64000000,3.1416130625,19,281,64
4.0215617912e-05,64000000,3.1414663125,20,297,64
6.5085271311e-05,64000000,3.141797125,21,281,64
6.3690972018e-05,64000000,3.1413925625,22,297,64
3.1183574892e-05,64000000,3.1414946875,23,281,64
1.0682365514e-04,64000000,3.14192825,24,297,64
5.8599707380e-05,64000000,3.14177675,25,328,64
3.8685445125e-05,64000000,3.1417141875,26,313,64
2.9671602933e-05,64000000,3.1414994375,27,312,64
7.3759215709e-05,64000000,3.141824375,28,297,64
7.8135976644e-05,64000000,3.141838125,29,313,64
1.4989559432e-05,64000000,3.1415455625,30,281,64
8.3766082756e-05,64000000,3.1418558125,31,282,64
5.1616784252e-05,64000000,3.1417548125,32,265,64
7.2106289634e-05,64000000,3.141366125,33,266,64
1.3616848048e-05,64000000,3.141549875,34,281,64
3.9837624923e-05,64000000,3.1414675,35,281,64
3.0827169810e-05,64000000,3.1416895,36,265,64
2.8837733022e-05,64000000,3.14168325,37,281,64
2.1297767593e-05,64000000,3.1416595625,38,282,64
1.4750827018e-05,64000000,3.1415463125,39,281,64
1.1420277208e-04,64000000,3.141233875,40,265,64
2.3782870038e-05,64000000,3.1415179375,41,266,64
1.6302587713e-05,64000000,3.1415414375,42,266,64
1.5942436383e-04,64000000,3.1420935,43,281,64
1.9266848528e-05,64000000,3.141532125,44,281,64
2.5246862889e-04,64000000,3.1407995,45,297,64
8.7226009228e-05,64000000,3.141318625,46,265,64
5.1853823126e-05,64000000,3.14142975,47,282,64
2.5117486227e-05,64000000,3.1416715625,48,296,64
1.1685041655e-04,64000000,3.14195975,49,266,64
