Error,Npoint,Pi,Nlance,tempsMilis,Nproc
5.0976185606e-05,15000000,3.1417528,0,545,1
2.3381003807e-05,15000000,3.1415192,1,546,1
1.7100023336e-04,15000000,3.1421298666666666,2,624,1
2.8394058184e-06,15000000,3.1415837333333334,3,581,1
8.0515343044e-05,15000000,3.1418456,4,577,1
1.8559172181e-04,15000000,3.1410096,5,564,1
2.7285605077e-05,15000000,3.1415069333333334,6,562,1
1.9492881180e-04,15000000,3.140980266666667,7,561,1
1.2099938173e-05,15000000,3.1416306666666665,8,562,1
2.5078656533e-05,15000000,3.1415138666666667,9,562,1
1.7014806083e-05,15000000,3.1415392,10,567,1
4.8251616247e-05,15000000,3.141441066666667,11,568,1
6.5830646961e-05,15000000,3.141799466666667,12,562,1
1.3857506628e-04,15000000,3.142028,13,562,1
5.2410865427e-05,15000000,3.141428,14,561,1
1.5155378464e-04,15000000,3.1411165333333333,15,560,1
1.2974727211e-04,15000000,3.142000266666667,16,558,1
6.4633965056e-05,15000000,3.1413896,17,559,1
1.2897500338e-04,15000000,3.1411874666666666,18,556,1
2.4849808031e-04,15000000,3.1423733333333335,19,557,1
1.4841312710e-04,15000000,3.1411264,20,560,1
5.7254154532e-06,15000000,3.1415746666666666,21,559,1
1.2099938173e-05,15000000,3.1416306666666665,22,561,1
1.6589895018e-04,15000000,3.141071466666667,23,562,1
2.9059986792e-04,15000000,3.1425056,24,574,1
1.3355866574e-04,15000000,3.1411730666666666,0,282,2
4.2058529957e-06,15000000,3.1416058666666666,1,288,2
1.1123453239e-04,15000000,3.1412432,2,284,2
1.2966238947e-04,15000000,3.142,3,286,2
9.2229146855e-05,15000000,3.1418824,4,290,2
6.5992087237e-05,15000000,3.1413853333333335,5,285,2
2.8583811529e-04,15000000,3.1406946666666666,6,283,2
7.4743323774e-05,15000000,3.141827466666667,7,283,2
1.1335659830e-04,15000000,3.141236533333333,8,317,2
1.7702192170e-05,15000000,3.1416482666666665,9,283,2
3.3651802801e-05,15000000,3.1414869333333333,10,285,2
2.2285854531e-05,15000000,3.1416626666666665,11,292,2
4.2742569883e-05,15000000,3.1417269333333335,12,282,2
9.0446611492e-05,15000000,3.1418768,13,292,2
6.1581536310e-06,15000000,3.141612,14,282,2
9.6643043943e-05,15000000,3.1418962666666665,15,283,2
1.2804129438e-04,15000000,3.1411904,16,286,2
4.1126453632e-06,15000000,3.1415797333333333,17,288,2
7.1772431503e-05,15000000,3.1418181333333335,18,292,2
5.4957344516e-05,15000000,3.14142,19,286,2
3.4254306252e-05,15000000,3.1417002666666667,20,286,2
1.3823553574e-04,15000000,3.1420269333333333,21,284,2
2.5935473276e-04,15000000,3.140777866666667,22,412,2
1.8831629116e-04,15000000,3.142184266666667,23,314,2
2.2345770260e-04,15000000,3.1422946666666665,24,288,2
7.9666516680e-05,15000000,3.1418429333333333,0,142,4
1.0682063531e-04,15000000,3.141257066666667,1,142,4
9.2144264219e-05,15000000,3.1418821333333335,2,144,4
1.2745544093e-04,15000000,3.1419930666666667,3,148,4
2.0011497761e-04,15000000,3.1422213333333335,4,152,4
3.1581001091e-04,15000000,3.1425848,5,143,4
1.4757262573e-04,15000000,3.1420562666666667,6,143,4
4.2403039338e-05,15000000,3.1417258666666665,7,147,4
5.6154026421e-05,15000000,3.141769066666667,8,142,4
2.5833614113e-04,15000000,3.1407810666666665,9,143,4
1.5317153357e-05,15000000,3.141544533333333,10,141,4
3.4925042346e-05,15000000,3.141482933333333,11,145,4
7.6860410847e-06,15000000,3.1416168,12,143,4
6.4124669238e-05,15000000,3.1413912,13,143,4
6.2095810963e-05,15000000,3.1417877333333335,14,146,4
2.1258937899e-05,15000000,3.1415258666666666,15,142,4
3.2638190001e-06,15000000,3.1415824,16,142,4
1.6437938772e-04,15000000,3.1421090666666665,17,144,4
1.3271816438e-04,15000000,3.1420096,18,141,4
5.4193400789e-05,15000000,3.1414224,19,144,4
1.6590727518e-04,15000000,3.1421138666666666,20,142,4
1.0844173039e-04,15000000,3.1419333333333332,21,141,4
1.3144492483e-04,15000000,3.1420056,22,142,4
6.4557407416e-05,15000000,3.1417954666666668,23,144,4
7.5668707777e-05,15000000,3.1413549333333335,24,144,4
3.4975474044e-04,15000000,3.1404938666666666,0,144,8
1.1947647311e-04,15000000,3.141968,1,123,8
2.3899122504e-04,15000000,3.1423434666666665,2,139,8
3.8922851249e-05,15000000,3.141714933333333,3,120,8
2.1419717024e-04,15000000,3.1409197333333334,4,117,8
1.7923384908e-04,15000000,3.1421557333333334,5,125,8
2.0631141006e-04,15000000,3.1422408,6,136,8
6.8114153145e-05,15000000,3.1413786666666668,7,143,8
8.9080164315e-05,15000000,3.1413128,8,154,8
1.4671547437e-04,15000000,3.1411317333333333,9,151,8
1.8856261408e-04,15000000,3.1410002666666665,10,126,8
4.8684354425e-05,15000000,3.1417456,11,145,8
1.5661662736e-06,15000000,3.1415877333333335,12,122,8
3.0315417310e-04,15000000,3.140640266666667,13,144,8
1.4812836374e-06,15000000,3.141588,14,144,8
2.3465886443e-05,15000000,3.1415189333333333,15,146,8
2.6182130805e-05,15000000,3.1415104,16,125,8
5.1562039064e-05,15000000,3.1414306666666665,17,135,8
1.1700655166e-04,15000000,3.141225066666667,18,142,8
1.5851416082e-04,15000000,3.1410946666666666,19,136,8
7.1767452668e-06,15000000,3.1416152,20,113,8
1.4812836374e-06,15000000,3.141588,21,145,8
2.9764512674e-04,15000000,3.1425277333333335,22,144,8
2.0837870878e-06,15000000,3.1415992,23,115,8
5.2920161245e-05,15000000,3.1414264,24,106,8
2.2480749978e-04,15000000,3.1408864,0,117,16
1.8347798089e-04,15000000,3.142169066666667,1,108,16
1.4815847919e-04,15000000,3.1411272,2,112,16
2.8219314077e-05,15000000,3.141504,3,108,16
3.0850675803e-05,15000000,3.1414957333333335,4,115,16
1.5274214155e-04,15000000,3.1411128,5,129,16
1.0895102621e-04,15000000,3.1419349333333333,6,119,16
1.5299678946e-04,15000000,3.141112,7,137,16
1.5342120264e-04,15000000,3.1411106666666666,8,115,16
5.7588706242e-05,15000000,3.1414117333333333,9,140,16
4.0360877231e-06,15000000,3.141605333333333,10,144,16
1.1642069821e-04,15000000,3.1419584,11,154,16
1.2372060493e-04,15000000,3.1419813333333333,12,116,16
8.1449052043e-05,15000000,3.1418485333333335,13,116,16
2.0867979888e-04,15000000,3.1409370666666665,14,119,16
5.4541256331e-05,15000000,3.141764,15,118,16
2.5078656533e-05,15000000,3.1415138666666667,16,110,16
1.6463403563e-04,15000000,3.1421098666666665,17,106,16
2.0754620916e-06,15000000,3.1415861333333335,18,109,16
5.6323791694e-05,15000000,3.1417696,19,110,16
3.5816644643e-04,15000000,3.1427178666666666,20,110,16
3.6028516618e-05,15000000,3.1414794666666666,21,118,16
1.7914896644e-04,15000000,3.1421554666666665,22,121,16
9.6295188402e-05,15000000,3.1412901333333334,23,113,16
1.3152980747e-04,15000000,3.1420058666666666,24,110,16
1.9697432007e-04,15000000,3.1422114666666667,0,113,32
1.7337694717e-04,15000000,3.1421373333333333,1,120,32
5.0382007151e-05,15000000,3.1417509333333333,2,110,32
3.0001849439e-05,15000000,3.1414984,3,112,32
7.7875656322e-05,15000000,3.141348,4,107,32
9.8340696670e-05,15000000,3.1419016,5,114,32
8.0430460407e-05,15000000,3.1418453333333334,6,120,32
7.3979380047e-05,15000000,3.1418250666666667,7,120,32
9.4088239858e-05,15000000,3.1412970666666666,8,109,32
1.3373675601e-04,15000000,3.1420128,9,114,32
6.1416749873e-05,15000000,3.1417856,10,111,32
6.2859754690e-05,15000000,3.141790133333333,11,111,32
8.4759474859e-05,15000000,3.1418589333333333,12,107,32
1.7702192170e-05,15000000,3.1416482666666665,13,112,32
4.4355339973e-05,15000000,3.141732,14,107,32
8.6457127586e-05,15000000,3.1418642666666665,15,112,32
3.0282296755e-04,15000000,3.142544,16,108,32
4.1639095611e-05,15000000,3.1417234666666665,17,116,32
1.1505425103e-04,15000000,3.1412312,18,108,32
1.4086689746e-04,15000000,3.1420352,19,113,32
2.6360221074e-05,15000000,3.141675466666667,20,107,32
1.4027271901e-04,15000000,3.1420333333333335,21,109,32
1.6437938772e-04,15000000,3.1421090666666665,22,108,32
1.5852248582e-04,15000000,3.142090666666667,23,116,32
1.0988473521e-04,15000000,3.141937866666667,24,106,32
5.7002852784e-05,15000000,3.1417717333333335,0,105,64
4.1893743520e-05,15000000,3.1417242666666665,1,101,64
7.7709237210e-06,15000000,3.1416170666666665,2,108,64
1.8441168989e-04,15000000,3.142172,3,105,64
5.4880786876e-05,15000000,3.1417650666666668,4,119,64
8.8995281679e-05,15000000,3.1413130666666667,5,101,64
1.4468661610e-04,15000000,3.1420472,6,105,64
6.8962979508e-05,15000000,3.141376,7,105,64
1.9646167809e-05,15000000,3.141530933333333,8,110,64
1.6004204828e-04,15000000,3.1410898666666665,9,102,64
2.7413263648e-04,15000000,3.1424538666666666,10,109,64
7.4488675865e-05,15000000,3.1418266666666668,11,103,64
1.5961763509e-04,15000000,3.1410912,12,115,64
2.6106071049e-04,15000000,3.1424128,13,116,64
3.0174960874e-06,15000000,3.1416021333333335,14,102,64
3.3074102991e-04,15000000,3.1405536,15,103,64
5.1825011969e-05,15000000,3.1417554666666665,16,113,64
1.5214796310e-04,15000000,3.1411146666666667,17,103,64
1.5758045182e-04,15000000,3.1410976,18,108,64
6.7019003869e-05,15000000,3.1418032,19,116,64
2.2625882960e-04,15000000,3.1423034666666667,20,114,64
2.1182380259e-05,15000000,3.1416592,21,109,64
2.6360221074e-05,15000000,3.141675466666667,22,104,64
2.4993773897e-05,15000000,3.141514133333333,23,103,64
2.4161426177e-04,15000000,3.1408336,24,116,64